run_id,run_name,state,created_at,url,tags,group,user,config_sam,config_fold,config_task,config_T_max,config_mixup,config_model,config_epochs,config_compile,config_devices,config_subtask,config_nesterov,config_strategy,config_benchmark,config_input_dim,config_optimizer,config_precision,config_scheduler,config_warmstart,config_batch_size,config_cifar_size,config_max_epochs,config_pretrained,config_save_preds,config_warmstart2,config_accelerator,config_mixup_alpha,config_num_classes,config_num_workers,config_result_plot,config_adaptive_sam,config_modality_idx,config_undecay_norm,config_weight_decay,config_data_root_dir,config_deterministic,config_learning_rate,config_input_channels,config_random_batches,config_resnet_dropout,config_sync_batchnorm,config_apply_shakedrop,config_finetune_method,config_freeze_backbone,config_label_smoothing,config_final_batch_size,config_stochastic_depth,config_train_transforms,config_log_every_n_steps,config_squeeze_excitation,config_zero_init_residual,config_classification_task,config_use_single_modality,config_auto_batch_size_mode,config_auto_batch_size_steps,config_prepare_data_per_node,config_accumulate_grad_batches,config_auto_batch_size_enabled,config_metric_computation_mode,config_pretrained_checkpoint_path,config_classification_head_dropout,metric_Test/AP,metric_Test/AUROC,metric_Test/Balanced_Accuracy,metric_Test/F1,metric_Test/loss,metric_Train/AP,metric_Train/AUROC,metric_Train/Balanced_Accuracy,metric_Train/F1,metric_Train/loss,metric_Val/AP,metric_Val/AUROC,metric_Val/Balanced_Accuracy,metric_Val/F1,metric_Val/loss,metric__runtime,metric__step,metric__timestamp,metric_epoch,metric_lr-AdamW,metric_trainer/global_step,config_time_dim,config_dropout_rate,config_freeze_encoder,config_learned_sinusoidal_dim,config_token_aggregation_method,config_dropout_prob,config_use_brainiac_preprocessing,config_depth,config_embed_dim,config_mlp_ratio,config_num_heads,config_hidden_dim,config_image_size,config_patch_size,config_slice_aggregation,config_dinov2_model_name,config_chpt_path,config_attn_drop_rate,config_drop_path_rate,config_load_cls_token,config_num_reg_tokens,config_proj_drop_rate,config_drop_path_scale,config_patch_drop_rate,config_use_abs_pos_emb,config_use_rot_pos_emb,config_cls_token_available,config_pretraining_input_shape_mismatch
7245977189.97286-aba9f5b1-288c,resenc_MDAETrainer_RandomMask_Flow_BS48_2000ep_pretrained_t1_2025-08-01_06-30-34,finished,2025-08-01T04:44:55Z,https://microsoft-research.wandb.io/t-jiachentu/july_stratified_upenn_gbm_idh1_status_single_t1/runs/7245977189.97286-aba9f5b1-288c,,97e3c67c-8580-47df-b229-38c9461b8913,t-jiachentu,False,0,Classification,200,False,ResEncoder_Classifier,200,False,1,multiclass,False,auto,False,3,AdamW,16-mixed,CosineAnneal,20,4,False,200,True,True,0,gpu,0.2,2,16,val,False,0,False,0.01,/mnt/hanoverlimitedwus2/scratch/t-jiachentu/nnssl_data/nnssl_preprocessed/Dataset004_UPENN_GBM,False,2e-05,1,False,0,True,False,full,False,0.2,8,False,batchgenerators.get_training_transforms,10,False,False,idh1_status,True,power,3,False,1,True,epochwise,/mnt/hanoverlimitedwus2/mri/scratch/t-jiachentu/nnssl_data/nnssl_results/MDAE/Openmind/0705/Dataset005_OpenMind/BaseMDAETrainer_RandomMask_Flow_BS48_2000ep__nnsslPlans__onemmiso/fold_all/checkpoint_best.pth,0.2,0.49388647079467773,0.4624447822570801,0.5,0.45116278529167175,0.5717788338661194,0.763612687587738,0.8149640560150146,0.6418968439102173,0.67505943775177,0.4971853494644165,0.5826634764671326,0.6351686716079712,0.5483630895614624,0.552647054195404,0.5662278532981873,24709.0,1201,1754049020.0872748,200,1.5230484360873043e-09,8800,,,,,,,,,,,,,,,,,,,,,,,,,,,,
7245976373.01254-568199dc-dde6,resenc_time_conditioned_pretrained_t1_2025-08-01_06-03-04,finished,2025-08-01T04:59:51Z,https://microsoft-research.wandb.io/t-jiachentu/july_stratified_upenn_gbm_idh1_status_single_t1/runs/7245976373.01254-568199dc-dde6,,7ed74e5c-585a-40f4-b15f-75d77cc42944,t-jiachentu,False,0,Classification,200,False,ResEncTimeConditioned,200,False,1,multiclass,False,auto,False,3,AdamW,16-mixed,CosineAnneal,20,4,False,200,True,True,0,gpu,0.2,2,16,val,False,0,False,0.01,/mnt/hanoverlimitedwus2/scratch/t-jiachentu/nnssl_data/nnssl_preprocessed/Dataset004_UPENN_GBM,False,2e-05,1,False,0,True,False,full,False,0.2,4,False,batchgenerators.get_training_transforms,10,False,False,idh1_status,True,power,3,False,1,True,epochwise,/mnt/hanoverlimitedwus2/mri/scratch/t-jiachentu/nnssl_data/nnssl_results/MDAE/Openmind/0705/Dataset005_OpenMind/NoiseConditionedMDAETrainer_RandomMask_BS32_2000ep__nnsslPlans__onemmiso/fold_all/checkpoint_best.pth,0.5,0.49897289276123047,0.46759939193725586,0.5,0.45116278529167175,0.5539151430130005,0.5187697410583496,0.5245618224143982,0.5,0.45226916670799255,0.5508855581283569,0.6131497621536255,0.6187996864318848,0.5,0.4507042169570923,0.5536473393440247,23643.0,1096,1754049131.8910086,200,1.5230484360873043e-09,17600,256.0,0.5,False,64.0,cls_token,,,,,,,,,,,,,,,,,,,,,,,
7245974591.27046-e72d6867-e328,resenc_MDAETrainer_RandomMask_Flow_BS48_2000ep_pretrained_t1_2025-08-01_06-02-56,finished,2025-08-01T05:37:26Z,https://microsoft-research.wandb.io/t-jiachentu/july_stratified_upenn_gbm_idh1_status_single_t1/runs/7245974591.27046-e72d6867-e328,,39e88171-a4eb-4cf7-b216-854c6929c757,t-jiachentu,False,0,Classification,200,False,ResEncoder_Classifier,200,False,1,multiclass,False,auto,False,3,AdamW,16-mixed,CosineAnneal,20,1,False,200,True,True,0,gpu,0.2,2,16,val,False,0,False,0.01,/mnt/hanoverlimitedwus2/scratch/t-jiachentu/nnssl_data/nnssl_preprocessed/Dataset004_UPENN_GBM,False,2e-05,1,False,0,True,False,full,False,0.2,1,False,batchgenerators.get_training_transforms,10,False,False,idh1_status,True,power,3,False,1,False,epochwise,/mnt/hanoverlimitedwus2/mri/scratch/t-jiachentu/nnssl_data/nnssl_results/MDAE/Openmind/0705/Dataset005_OpenMind/BaseMDAETrainer_RandomMask_Flow_BS48_2000ep__nnsslPlans__onemmiso/fold_all/checkpoint_best.pth,0.2,0.566562294960022,0.5954835414886475,0.5,0.45116278529167175,0.5509116649627686,0.5465590953826904,0.5689488649368286,0.5,0.45226916670799255,0.5489204525947571,0.6475672721862793,0.6624504327774048,0.5,0.4507042169570923,0.547913670539856,21665.0,1006,1754049340.943022,200,1.5230484360873043e-09,70000,,,,,,,,,,,,,,,,,,,,,,,,,,,,
7245973744.42673-2261a8c8-c5d5,resenc_time_conditioned_pretrained_t1_2025-08-01_06-02-35,finished,2025-08-01T05:43:41Z,https://microsoft-research.wandb.io/t-jiachentu/july_stratified_upenn_gbm_idh1_status_single_t1/runs/7245973744.42673-2261a8c8-c5d5,,8b0bff13-e080-4216-b490-e21d82eeaab3,t-jiachentu,False,0,Classification,200,False,ResEncTimeConditioned,200,False,1,multiclass,False,auto,False,3,AdamW,16-mixed,CosineAnneal,20,1,False,200,True,True,0,gpu,0.2,2,16,val,False,0,False,0.01,/mnt/hanoverlimitedwus2/scratch/t-jiachentu/nnssl_data/nnssl_preprocessed/Dataset004_UPENN_GBM,False,2e-05,1,False,0,True,False,full,False,0.2,1,False,batchgenerators.get_training_transforms,10,False,False,idh1_status,True,power,3,False,1,False,epochwise,/mnt/hanoverlimitedwus2/mri/scratch/t-jiachentu/nnssl_data/nnssl_results/MDAE/Openmind/0705/Dataset005_OpenMind/NoiseConditionedMDAETrainer_RandomMask_BS32_2000ep__nnsslPlans__onemmiso/fold_all/checkpoint_best.pth,0.5,0.4988586902618408,0.49975454807281494,0.5,0.45116278529167175,0.5541709661483765,0.509870171546936,0.5165352821350098,0.5,0.45226916670799255,0.5517331957817078,0.5138333439826965,0.4915674328804016,0.5,0.4507042169570923,0.5550879240036011,24582.0,1000,1754052678.2583995,200,1.5230484360873043e-09,70000,256.0,0.5,False,64.0,cls_token,,,,,,,,,,,,,,,,,,,,,,,
7245972884.54240-f31f8ee3-014a,brainiac_pretrained_t1_2025-08-01_05-57-12,finished,2025-08-01T05:57:34Z,https://microsoft-research.wandb.io/t-jiachentu/july_stratified_upenn_gbm_idh1_status_single_t1/runs/7245972884.54240-f31f8ee3-014a,,fdcf7625-8f8d-4bf7-9a36-a656a2f6a3e7,t-jiachentu,False,0,Classification,100,False,brainiac,100,False,1,multiclass,False,auto,False,3,AdamW,16-mixed,CosineAnneal,20,1,False,100,True,True,0,gpu,0.2,2,16,val,False,0,False,0.01,/mnt/hanoverlimitedwus2/scratch/t-jiachentu/nnssl_data/nnssl_preprocessed/Dataset004_UPENN_GBM,False,0.0001,1,False,0,True,False,full,False,0.2,1,False,batchgenerators.get_training_transforms,10,False,False,idh1_status,True,power,3,False,1,False,epochwise,/mnt/hanoverlimitedwus2/scratch/t-jiachentu/nnssl_data/pretrained_ckpts/BrainIAC/BrainIAC.ckpt,0.0,0.4854990541934967,0.4742268025875091,0.5,0.45116278529167175,0.5615743398666382,0.5191485285758972,0.5152589082717896,0.5,0.45226916670799255,0.5499788522720337,0.53005051612854,0.5401785373687744,0.5,0.4507042169570923,0.5574425458908081,9592.0,500,1754037446.5082312,100,3.854818796385494e-08,35000,,,,,cls_token,0.2,True,,,,,,,,,,,,,,,,,,,,,
7245972051.63038-43c10eaf-9ae7,mri_core_pretrained_t1_2025-08-01_06-14-59,finished,2025-08-01T06:15:33Z,https://microsoft-research.wandb.io/t-jiachentu/july_stratified_upenn_gbm_idh1_status_single_t1/runs/7245972051.63038-43c10eaf-9ae7,,eda3acf7-aea9-465a-9ac4-0c1360c40f27,t-jiachentu,False,0,Classification,100,False,MRICore,100,False,1,multiclass,False,auto,False,3,AdamW,16-mixed,CosineAnneal,20,1,False,100,False,True,0,gpu,0.2,2,16,val,False,0,False,0.01,/mnt/hanoverlimitedwus2/scratch/t-jiachentu/nnssl_data/nnssl_preprocessed/Dataset004_UPENN_GBM,False,0.0001,1,False,0,True,False,full,False,0.2,2,False,batchgenerators.get_training_transforms,10,False,False,idh1_status,True,power,3,False,1,True,epochwise,/mnt/hanoverlimitedwus2/scratch/t-jiachentu/nnssl_data/pretrained_ckpts/mri_core/mri_core_checkpoint.pth,0.5,0.4755626618862152,0.4052528142929077,0.5,0.45116278529167175,0.5557289719581604,0.4834648668766022,0.44874921441078186,0.5,0.45226916670799255,0.5554094314575195,0.49156397581100464,0.4642857015132904,0.5,0.4507042169570923,0.555225133895874,18578.0,500,1754047508.9918144,100,3.854818796385494e-08,17500,,,False,,mean,,,12.0,768.0,4.0,12.0,512.0,224.0,16.0,mean,,,,,,,,,,,,,
7245971235.10640-8fb3a55e-a551,brainmvp_pretrained_t1_2025-08-01_06-25-52,finished,2025-08-01T06:26:17Z,https://microsoft-research.wandb.io/t-jiachentu/july_stratified_upenn_gbm_idh1_status_single_t1/runs/7245971235.10640-8fb3a55e-a551,,fe35269a-7f41-44e8-a6d9-428e26ef804f,t-jiachentu,False,0,Classification,100,False,brainmvp,100,False,1,multiclass,False,auto,False,3,AdamW,16-mixed,CosineAnneal,20,1,False,100,True,True,0,gpu,0.2,2,16,val,False,0,False,0.01,/mnt/hanoverlimitedwus2/scratch/t-jiachentu/nnssl_data/nnssl_preprocessed/Dataset004_UPENN_GBM,False,0.0001,1,False,0,True,False,full,False,0.2,4,False,batchgenerators.get_training_transforms,10,False,False,idh1_status,True,power,3,False,1,True,epochwise,/mnt/hanoverlimitedwus2/scratch/t-jiachentu/nnssl_data/pretrained_ckpts/BrainMVP/BrainMVP_unet.pt,0.0,0.49648240208625793,0.4315169155597687,0.5,0.45116278529167175,0.6115106344223022,0.5177652835845947,0.5216687917709351,0.5,0.45226916670799255,0.550264835357666,0.5659878849983215,0.5835813283920288,0.5,0.4507042169570923,0.5512731075286865,8407.0,500,1754037981.956388,100,3.854818796385494e-08,8800,,,,,cls_token,0.2,True,,,,,,,,,,,,,,,,,,,,,
7245970447.36058-26da8a07-1c6f,resenc_time_conditioned_pretrained_t1_2025-08-01_06-31-20,finished,2025-08-01T06:32:05Z,https://microsoft-research.wandb.io/t-jiachentu/july_stratified_upenn_gbm_idh1_status_single_t1/runs/7245970447.36058-26da8a07-1c6f,,dd31ced7-5562-4062-84f2-69cef20dc415,t-jiachentu,False,0,Classification,200,False,ResEncTimeConditioned,200,False,1,multiclass,False,auto,False,3,AdamW,16-mixed,CosineAnneal,20,4,False,200,True,True,0,gpu,0.2,2,16,val,False,0,False,0.01,/mnt/hanoverlimitedwus2/scratch/t-jiachentu/nnssl_data/nnssl_preprocessed/Dataset004_UPENN_GBM,False,0.0001,1,False,0,True,False,full,False,0.2,4,False,batchgenerators.get_training_transforms,10,False,False,idh1_status,True,power,3,False,1,True,epochwise,/mnt/hanoverlimitedwus2/mri/scratch/t-jiachentu/nnssl_data/nnssl_results/MDAE/Openmind/0705/Dataset005_OpenMind/NoiseConditionedMDAETrainer_RandomMask_BS32_2000ep__nnsslPlans__onemmiso/fold_all/checkpoint_best.pth,0.5,0.48950034379959106,0.4236622452735901,0.5,0.45116278529167175,0.5575500726699829,0.5299584269523621,0.5216120481491089,0.5,0.45226916670799255,0.5509781837463379,0.6000810861587524,0.644345223903656,0.5,0.4507042169570923,0.5499463081359863,24742.0,1000,1754054665.7145844,200,7.615242180436517e-09,17600,256.0,0.5,False,64.0,cls_token,,,,,,,,,,,,,,,,,,,,,,,
7245969614.27667-a0b85e22-8c81,dinov2_pretrained_t1_2025-08-01_06-46-19,finished,2025-08-01T06:46:42Z,https://microsoft-research.wandb.io/t-jiachentu/july_stratified_upenn_gbm_idh1_status_single_t1/runs/7245969614.27667-a0b85e22-8c81,,3d9515fc-2b76-4c04-9195-8a09b9b67ad7,t-jiachentu,False,0,Classification,100,False,dinov2,50,False,1,multiclass,False,auto,False,3,AdamW,16-mixed,CosineAnneal,20,1,False,100,True,True,0,gpu,0.2,2,16,val,False,0,False,0.01,/mnt/hanoverlimitedwus2/scratch/t-jiachentu/nnssl_data/nnssl_preprocessed/Dataset004_UPENN_GBM,False,0.0001,1,False,0,True,False,full,False,0.2,2,False,batchgenerators.get_training_transforms,10,False,False,idh1_status,True,power,3,False,1,True,epochwise,,0.5,0.5065999031066895,0.4980363249778747,0.5,0.45116278529167175,0.5537576079368591,0.47771814465522766,0.4477565288543701,0.5,0.45226916670799255,0.5560205578804016,0.5049856305122375,0.4774305522441864,0.5,0.4507042169570923,0.5552369952201843,15857.0,500,1754046653.802832,100,3.854818796385494e-08,17500,,,,,mean,,True,,,,,,,,mean,facebook/dinov2-base,,,,,,,,,,,,
7245968802.65767-f2025232-8656,resenc_MDAETrainer_RandomMask_Flow_BS48_2000ep_pretrained_t1_2025-08-01_08-08-50,finished,2025-08-01T08:09:27Z,https://microsoft-research.wandb.io/t-jiachentu/july_stratified_upenn_gbm_idh1_status_single_t1/runs/7245968802.65767-f2025232-8656,,1bad8d47-5cc0-43f6-87a6-f74c175cac68,t-jiachentu,False,0,Classification,200,False,ResEncoder_Classifier,200,False,1,multiclass,False,auto,False,3,AdamW,16-mixed,CosineAnneal,20,4,False,200,True,True,0,gpu,0.2,2,16,val,False,0,False,0.01,/mnt/hanoverlimitedwus2/scratch/t-jiachentu/nnssl_data/nnssl_preprocessed/Dataset004_UPENN_GBM,False,0.0001,1,False,0,True,False,full,False,0.2,8,False,batchgenerators.get_training_transforms,10,False,False,idh1_status,True,power,3,False,1,True,epochwise,/mnt/hanoverlimitedwus2/mri/scratch/t-jiachentu/nnssl_data/nnssl_results/MDAE/Openmind/0705/Dataset005_OpenMind/BaseMDAETrainer_RandomMask_Flow_BS48_2000ep__nnsslPlans__onemmiso/fold_all/checkpoint_best.pth,0.2,0.5866110324859619,0.6435935497283936,0.5,0.45116278529167175,0.5481283068656921,0.5371761918067932,0.5726360082626343,0.5,0.45226916670799255,0.5484053492546082,0.5771713852882385,0.6056547164916992,0.5,0.4507042169570923,0.5540221929550171,23161.0,1000,1754058925.7299287,200,7.615242180436517e-09,8800,,,,,,,,,,,,,,,,,,,,,,,,,,,,
7245917572.96815-b1d980eb-2b3f,resenc_MDAETrainer_RandomMask_Flow_BS48_2000ep_pretrained_t1_2025-08-01_21-12-30,finished,2025-08-01T21:13:06Z,https://microsoft-research.wandb.io/t-jiachentu/july_stratified_upenn_gbm_idh1_status_single_t1/runs/7245917572.96815-b1d980eb-2b3f,,15f2464b-127a-4b97-9c99-d17c71775b69,t-jiachentu,False,0,Classification,200,False,ResEncoder_Classifier,200,False,1,multiclass,False,auto,False,3,AdamW,16-mixed,CosineAnneal,20,4,False,200,True,True,0,gpu,0.2,2,16,val,False,0,False,0.01,/mnt/hanoverlimitedwus2/scratch/t-jiachentu/nnssl_data/nnssl_preprocessed/Dataset004_UPENN_GBM,False,6e-05,1,False,0,True,False,full,False,0.2,8,False,batchgenerators.get_training_transforms,10,False,False,idh1_status,True,power,3,False,1,True,epochwise,/mnt/hanoverlimitedwus2/mri/scratch/t-jiachentu/nnssl_data/nnssl_results/MDAE/Openmind/0705/Dataset005_OpenMind/BaseMDAETrainer_RandomMask_Flow_BS48_2000ep__nnsslPlans__onemmiso/fold_all/checkpoint_best.pth,0.2,0.5652678608894348,0.5976926684379578,0.5,0.45116278529167175,0.5671391487121582,0.5267438888549805,0.533581018447876,0.5,0.45226916670799255,0.5502843856811523,0.5424111485481262,0.5562995672225952,0.5,0.4507042169570923,0.5549424886703491,23813.0,1000,1754106596.9275556,200,4.5691453082619125e-09,8800,,,,,,,,,,,,,,,,,,,,,,,,,,,,
7245916724.37621-1e02b65e-60f5,resenc_time_conditioned_pretrained_t1_2025-08-01_21-27-31,finished,2025-08-01T21:28:14Z,https://microsoft-research.wandb.io/t-jiachentu/july_stratified_upenn_gbm_idh1_status_single_t1/runs/7245916724.37621-1e02b65e-60f5,,0c7ddbb5-dd05-48bb-b06f-727e8d5e75a8,t-jiachentu,False,0,Classification,200,False,ResEncTimeConditioned,200,False,1,multiclass,False,auto,False,3,AdamW,16-mixed,CosineAnneal,20,4,False,200,True,True,0,gpu,0.2,2,16,val,False,0,False,0.01,/mnt/hanoverlimitedwus2/scratch/t-jiachentu/nnssl_data/nnssl_preprocessed/Dataset004_UPENN_GBM,False,6e-05,1,False,0,True,False,full,False,0.2,4,False,batchgenerators.get_training_transforms,10,False,False,idh1_status,True,power,3,False,1,True,epochwise,/mnt/hanoverlimitedwus2/mri/scratch/t-jiachentu/nnssl_data/nnssl_results/MDAE/Openmind/0705/Dataset005_OpenMind/NoiseConditionedMDAETrainer_RandomMask_BS32_2000ep__nnsslPlans__onemmiso/fold_all/checkpoint_best.pth,0.5,0.45309919118881226,0.35198819637298584,0.5,0.45116278529167175,0.5699869990348816,0.5024518966674805,0.4857904314994812,0.5,0.45226916670799255,0.5539782047271729,0.5551257729530334,0.4761904776096344,0.5,0.4507042169570923,0.5550726652145386,23772.0,1000,1754107464.0088837,200,4.5691453082619125e-09,17600,256.0,0.5,False,64.0,cls_token,,,,,,,,,,,,,,,,,,,,,,,
7245884372.49502-52295c24-093c,resenc_pretrained_t1_2025-08-02_06-25-55,finished,2025-08-02T06:26:35Z,https://microsoft-research.wandb.io/t-jiachentu/july_stratified_upenn_gbm_idh1_status_single_t1/runs/7245884372.49502-52295c24-093c,,8c724881-cab1-44c7-8a02-1f4001d934f7,t-jiachentu,False,0,Classification,200,False,ResEncoder_Classifier,200,False,1,multiclass,False,auto,False,3,AdamW,16-mixed,CosineAnneal,20,4,False,200,True,True,0,gpu,0.2,2,16,val,False,0,False,0.01,/mnt/hanoverlimitedwus2/scratch/t-jiachentu/nnssl_data/nnssl_preprocessed/Dataset004_UPENN_GBM,False,6e-05,1,False,0,True,False,full,False,0.2,8,False,batchgenerators.get_training_transforms,10,False,False,idh1_status,True,power,3,False,1,True,epochwise,/mnt/hanoverlimitedwus2/mri/scratch/t-jiachentu/pretrained_ckpts/ResEncL-OpenMind-MAE/checkpoint_final.pth,0.2,0.5761200785636902,0.6337751746177673,0.5,0.45116278529167175,0.5523139834403992,0.7616971731185913,0.8303080201148987,0.5,0.45226916670799255,0.5097176432609558,0.6135175824165344,0.6408729553222656,0.5,0.4507042169570923,0.5474575757980347,20887.0,1000,1754136881.9839532,200,4.5691453082619125e-09,8800,,,,,,,,,,,,,,,,,,,,,,,,,,,,
7245883973.49800-23642595-fa55,resenc_MDAETrainer_RandomMask_Flow_BS48_2000ep_pretrained_t1_2025-08-02_08-23-15,finished,2025-08-02T06:34:23Z,https://microsoft-research.wandb.io/t-jiachentu/july_stratified_upenn_gbm_idh1_status_single_t1/runs/7245883973.49800-23642595-fa55,,abd6a197-8130-4c12-872f-d51f0d514373,t-jiachentu,False,0,Classification,200,False,ResEncoder_Classifier,200,False,1,multiclass,False,auto,False,3,AdamW,16-mixed,CosineAnneal,20,4,False,200,True,True,0,gpu,0.2,2,16,val,False,0,False,0.01,/mnt/hanoverlimitedwus2/scratch/t-jiachentu/nnssl_data/nnssl_preprocessed/Dataset004_UPENN_GBM,False,6e-05,1,False,0,True,False,full,False,0.2,8,False,batchgenerators.get_training_transforms,10,False,False,idh1_status,True,power,3,False,1,True,epochwise,/mnt/hanoverlimitedwus2/mri/scratch/t-jiachentu/nnssl_data/nnssl_results/MDAE/Openmind/0705/Dataset005_OpenMind/BaseMDAETrainer_RandomMask_Flow_BS48_2000ep__nnsslPlans__onemmiso/fold_all/checkpoint_best.pth,0.2,0.5400429368019104,0.4624447822570801,0.5,0.45116278529167175,0.5595319271087646,0.5483964681625366,0.5691758394241333,0.5,0.45226916670799255,0.5475741028785706,0.48874589800834656,0.4640377163887024,0.5,0.4507042169570923,0.5591911673545837,29729.0,1231,1754146884.1388412,200,4.5691453082619125e-09,8800,,,,,,,,,,,,,,,,,,,,,,,,,,,,
7245883582.43217-3be67762-4dc6,resenc_time_conditioned_pretrained_t1_2025-08-02_06-39-14,finished,2025-08-02T06:40:22Z,https://microsoft-research.wandb.io/t-jiachentu/july_stratified_upenn_gbm_idh1_status_single_t1/runs/7245883582.43217-3be67762-4dc6,,a4231d51-e68b-4f02-89a6-1425977cbca0,t-jiachentu,False,0,Classification,200,False,ResEncTimeConditioned,200,False,1,multiclass,False,auto,False,3,AdamW,16-mixed,CosineAnneal,20,4,False,200,True,True,0,gpu,0.2,2,16,val,False,0,False,0.01,/mnt/hanoverlimitedwus2/scratch/t-jiachentu/nnssl_data/nnssl_preprocessed/Dataset004_UPENN_GBM,False,6e-05,1,False,0,True,False,full,False,0.2,4,False,batchgenerators.get_training_transforms,10,False,False,idh1_status,True,power,3,False,1,True,epochwise,/mnt/hanoverlimitedwus2/mri/scratch/t-jiachentu/nnssl_data/nnssl_results/MDAE/Openmind/0705/Dataset005_OpenMind/NoiseConditionedMDAETrainer_RandomMask_BS32_2000ep__nnsslPlans__onemmiso/fold_all/checkpoint_best.pth,0.5,0.4507367908954621,0.3532155156135559,0.5,0.45116278529167175,0.5556111335754395,0.5007496476173401,0.4952635169029236,0.5,0.45226916670799255,0.5529739856719971,0.5249793529510498,0.525545597076416,0.5,0.4507042169570923,0.5551539659500122,21039.0,1000,1754137859.4088814,200,4.5691453082619125e-09,17600,256.0,0.5,False,64.0,cls_token,,,,,,,,,,,,,,,,,,,,,,,
7245883193.58069-e29f9afa-acbd,mri_core_pretrained_t1_2025-08-02_06-45-14,finished,2025-08-02T06:46:01Z,https://microsoft-research.wandb.io/t-jiachentu/july_stratified_upenn_gbm_idh1_status_single_t1/runs/7245883193.58069-e29f9afa-acbd,,be4c6db1-cdd0-4f40-93dc-a1bcfe177951,t-jiachentu,False,0,Classification,200,False,MRICore,200,False,1,multiclass,False,auto,False,3,AdamW,16-mixed,CosineAnneal,20,4,False,200,False,True,0,gpu,0.2,2,16,val,False,0,False,0.01,/mnt/hanoverlimitedwus2/scratch/t-jiachentu/nnssl_data/nnssl_preprocessed/Dataset004_UPENN_GBM,False,6e-05,1,False,0,True,False,full,False,0.2,2,False,batchgenerators.get_training_transforms,10,False,False,idh1_status,True,power,3,False,1,True,epochwise,/mnt/hanoverlimitedwus2/scratch/t-jiachentu/nnssl_data/pretrained_ckpts/mri_core/mri_core_checkpoint.pth,0.5,0.5049822330474854,0.5164457559585571,0.5,0.45116278529167175,0.557182788848877,0.4924355745315552,0.47169435024261475,0.5,0.45226916670799255,0.552983820438385,0.4986744523048401,0.4709821343421936,0.5,0.4507042169570923,0.5552658438682556,33936.0,1000,1754151098.2639155,200,4.5691453082619125e-09,35000,,,False,,mean,,,12.0,768.0,4.0,12.0,512.0,224.0,16.0,mean,,,,,,,,,,,,,
7245882799.58402-7b0dd730-abd8,dinov2_pretrained_t1_2025-08-02_06-53-00,finished,2025-08-02T06:53:24Z,https://microsoft-research.wandb.io/t-jiachentu/july_stratified_upenn_gbm_idh1_status_single_t1/runs/7245882799.58402-7b0dd730-abd8,,8d12730a-3d47-4c6a-8fde-5a49b0164e45,t-jiachentu,False,0,Classification,200,False,dinov2,50,False,1,multiclass,False,auto,False,3,AdamW,16-mixed,CosineAnneal,20,4,False,200,True,True,0,gpu,0.2,2,16,val,False,0,False,0.01,/mnt/hanoverlimitedwus2/scratch/t-jiachentu/nnssl_data/nnssl_preprocessed/Dataset004_UPENN_GBM,False,6e-05,1,False,0,True,False,full,False,0.2,2,False,batchgenerators.get_training_transforms,10,False,False,idh1_status,True,power,3,False,1,True,epochwise,,0.5,0.5155161619186401,0.47766321897506714,0.4953362643718719,0.49247312545776367,0.6822037100791931,0.4886765480041504,0.454960584640503,0.5,0.45226916670799255,0.553325355052948,0.5169692635536194,0.523065447807312,0.5,0.4507042169570923,0.5552273988723755,29133.0,1000,1754146735.1442893,200,4.5691453082619125e-09,35000,,,,,mean,,True,,,,,,,,mean,facebook/dinov2-base,,,,,,,,,,,,
7245882401.72399-f6c006bf-e6ff,brainmvp_pretrained_t1_2025-08-02_07-03-17,finished,2025-08-02T07:03:39Z,https://microsoft-research.wandb.io/t-jiachentu/july_stratified_upenn_gbm_idh1_status_single_t1/runs/7245882401.72399-f6c006bf-e6ff,,f23942c6-b5f2-49aa-9d1d-b77bac54e3ae,t-jiachentu,False,0,Classification,200,False,brainmvp,200,False,1,multiclass,False,auto,False,3,AdamW,16-mixed,CosineAnneal,20,4,False,200,True,True,0,gpu,0.2,2,16,val,False,0,False,0.01,/mnt/hanoverlimitedwus2/scratch/t-jiachentu/nnssl_data/nnssl_preprocessed/Dataset004_UPENN_GBM,False,6e-05,1,False,0,True,False,full,False,0.2,4,False,batchgenerators.get_training_transforms,10,False,False,idh1_status,True,power,3,False,1,True,epochwise,/mnt/hanoverlimitedwus2/scratch/t-jiachentu/nnssl_data/pretrained_ckpts/BrainMVP/BrainMVP_unet.pt,0.0,0.5202521085739136,0.45606282353401184,0.5,0.45116278529167175,0.6812120079994202,0.5604243874549866,0.6044301986694336,0.5,0.45226916670799255,0.545052170753479,0.5401420593261719,0.544394850730896,0.5,0.4507042169570923,0.5727261304855347,16221.0,1000,1754134441.7643318,200,4.5691453082619125e-09,17600,,,,,cls_token,0.2,True,,,,,,,,,,,,,,,,,,,,,
7245882023.78422-e28bf0fb-cd49,brainiac_pretrained_t1_2025-08-02_07-09-27,finished,2025-08-02T07:09:49Z,https://microsoft-research.wandb.io/t-jiachentu/july_stratified_upenn_gbm_idh1_status_single_t1/runs/7245882023.78422-e28bf0fb-cd49,,63de3593-505c-49d2-b5e0-f2918582de02,t-jiachentu,False,0,Classification,200,False,brainiac,200,False,1,multiclass,False,auto,False,3,AdamW,16-mixed,CosineAnneal,20,4,False,200,True,True,0,gpu,0.2,2,16,val,False,0,False,0.01,/mnt/hanoverlimitedwus2/scratch/t-jiachentu/nnssl_data/nnssl_preprocessed/Dataset004_UPENN_GBM,False,6e-05,1,False,0,True,False,full,False,0.2,4,False,batchgenerators.get_training_transforms,10,False,False,idh1_status,True,power,3,False,1,False,epochwise,/mnt/hanoverlimitedwus2/scratch/t-jiachentu/nnssl_data/pretrained_ckpts/BrainIAC/BrainIAC.ckpt,0.0,0.5531946420669556,0.5895925760269165,0.4845360815525055,0.4433962404727936,0.5609068274497986,0.63127201795578,0.6829655170440674,0.5,0.45226916670799255,0.5337486267089844,0.5065323710441589,0.5084325075149536,0.5297619104385376,0.5293935537338257,0.5946402549743652,19381.0,1000,1754137970.446285,200,4.5691453082619125e-09,17600,,,,,cls_token,0.2,True,,,,,,,,,,,,,,,,,,,,,
7245875753.89097-86544019-a403,resenc_MDAETrainer_RandomMask_Flow_BS48_2000ep_pretrained_t1_2025-08-02_10-21-11,finished,2025-08-02T08:49:38Z,https://microsoft-research.wandb.io/t-jiachentu/july_stratified_upenn_gbm_idh1_status_single_t1/runs/7245875753.89097-86544019-a403,,4435e846-143d-4980-9131-dd2180182429,t-jiachentu,False,0,Classification,200,False,ResEncoder_Classifier,200,False,1,multiclass,False,auto,False,3,AdamW,16-mixed,CosineAnneal,20,4,False,200,True,True,0,gpu,0.2,2,16,val,False,0,False,0.01,/mnt/hanoverlimitedwus2/scratch/t-jiachentu/nnssl_data/nnssl_preprocessed/Dataset004_UPENN_GBM,False,0.0001,1,False,0,True,False,full,False,0.2,8,False,batchgenerators.get_training_transforms,10,False,False,idh1_status,True,power,3,False,1,True,epochwise,/mnt/hanoverlimitedwus2/mri/scratch/t-jiachentu/nnssl_data/nnssl_results/MDAE/Openmind/0705/Dataset005_OpenMind/BaseMDAETrainer_RandomMask_Flow_BS48_2000ep__nnsslPlans__onemmiso/fold_all/checkpoint_best.pth,0.2,0.5866110324859619,0.6435935497283936,0.5,0.45116278529167175,0.5481283068656921,0.5371761918067932,0.5726360082626343,0.5,0.45226916670799255,0.5484053492546082,0.5771713852882385,0.6056547164916992,0.5,0.4507042169570923,0.5540221929550171,28714.0,1194,1754153795.781458,200,7.615242180436517e-09,8800,,,,,,,,,,,,,,,,,,,,,,,,,,,,
7245875031.59756-774dbae8-25da,resenc_time_conditioned_pretrained_t1_2025-08-02_09-01-09,finished,2025-08-02T09:01:53Z,https://microsoft-research.wandb.io/t-jiachentu/july_stratified_upenn_gbm_idh1_status_single_t1/runs/7245875031.59756-774dbae8-25da,,8ad2dce2-156b-47c0-9442-70014a2049dc,t-jiachentu,False,0,Classification,200,False,ResEncTimeConditioned,200,False,1,multiclass,False,auto,False,3,AdamW,16-mixed,CosineAnneal,20,4,False,200,True,True,0,gpu,0.2,2,16,val,False,0,False,0.01,/mnt/hanoverlimitedwus2/scratch/t-jiachentu/nnssl_data/nnssl_preprocessed/Dataset004_UPENN_GBM,False,8e-05,1,False,0,True,False,full,False,0.2,4,False,batchgenerators.get_training_transforms,10,False,False,idh1_status,True,power,3,False,1,True,epochwise,/mnt/hanoverlimitedwus2/mri/scratch/t-jiachentu/nnssl_data/nnssl_results/MDAE/Openmind/0705/Dataset005_OpenMind/NoiseConditionedMDAETrainer_RandomMask_BS32_2000ep__nnsslPlans__onemmiso/fold_all/checkpoint_best.pth,0.5,0.5022478103637695,0.4479627013206482,0.5,0.45116278529167175,0.5565279722213745,0.5141319632530212,0.5224913358688354,0.5,0.45226916670799255,0.5518248677253723,0.5021546483039856,0.4729662537574768,0.5,0.4507042169570923,0.5555762052536011,23811.0,1000,1754149125.001928,200,6.092193744349217e-09,17600,256.0,0.5,False,64.0,cls_token,,,,,,,,,,,,,,,,,,,,,,,
7245874124.50814-4b2dceeb-d331,resenc_pretrained_t1_2025-08-02_09-24-48,finished,2025-08-02T09:25:22Z,https://microsoft-research.wandb.io/t-jiachentu/july_stratified_upenn_gbm_idh1_status_single_t1/runs/7245874124.50814-4b2dceeb-d331,,e45f76fd-596e-4558-a48a-ef023ba4fe2a,t-jiachentu,False,0,Classification,200,False,ResEncoder_Classifier,200,False,1,multiclass,False,auto,False,3,AdamW,16-mixed,CosineAnneal,20,4,False,200,True,True,0,gpu,0.2,2,16,val,False,0,False,0.01,/mnt/hanoverlimitedwus2/scratch/t-jiachentu/nnssl_data/nnssl_preprocessed/Dataset004_UPENN_GBM,False,0.0001,1,False,0,True,False,full,False,0.2,8,False,batchgenerators.get_training_transforms,10,False,False,idh1_status,True,power,3,False,1,True,epochwise,/mnt/hanoverlimitedwus2/mri/scratch/t-jiachentu/pretrained_ckpts/ResEncL-OpenMind-MAE/checkpoint_final.pth,0.2,0.5573133230209351,0.6043200492858887,0.5,0.45116278529167175,0.5538520812988281,0.6117914319038391,0.6596516966819763,0.5,0.45226916670799255,0.5416063666343689,0.6094621419906616,0.6202876567840576,0.5,0.4507042169570923,0.5508728623390198,23618.0,1000,1754150338.7449515,200,7.615242180436517e-09,8800,,,,,,,,,,,,,,,,,,,,,,,,,,,,
7245873300.67058-da9839ba-715a,resenc_MDAETrainer_RandomMask_Flow_BS48_2000ep_pretrained_t1_2025-08-02_09-30-24,finished,2025-08-02T09:31:04Z,https://microsoft-research.wandb.io/t-jiachentu/july_stratified_upenn_gbm_idh1_status_single_t1/runs/7245873300.67058-da9839ba-715a,,14c802c4-6663-4011-a263-b0999697e9ac,t-jiachentu,False,0,Classification,200,False,ResEncoder_Classifier,200,False,1,multiclass,False,auto,False,3,AdamW,16-mixed,CosineAnneal,20,4,False,200,True,True,0,gpu,0.2,2,16,val,False,0,False,0.01,/mnt/hanoverlimitedwus2/scratch/t-jiachentu/nnssl_data/nnssl_preprocessed/Dataset004_UPENN_GBM,False,0.0001,1,False,0,True,False,full,False,0.2,8,False,batchgenerators.get_training_transforms,10,False,False,idh1_status,True,power,3,False,1,True,epochwise,/mnt/hanoverlimitedwus2/mri/scratch/t-jiachentu/nnssl_data/nnssl_results/MDAE/Openmind/0705/Dataset005_OpenMind/BaseMDAETrainer_RandomMask_Flow_BS48_2000ep__nnsslPlans__onemmiso/fold_all/checkpoint_best.pth,0.2,0.5088480710983276,0.49091798067092896,0.5,0.45116278529167175,0.575873076915741,0.5433791875839233,0.5574620962142944,0.5,0.45226916670799255,0.5487625002861023,0.5745041370391846,0.622519850730896,0.5,0.4507042169570923,0.552509605884552,26381.0,1000,1754153442.988709,200,7.615242180436517e-09,8800,,,,,,,,,,,,,,,,,,,,,,,,,,,,
7245826225.27935-f469c737-18f4,resenc_time_conditioned_pretrained_t1_2025-08-02_22-40-05,finished,2025-08-02T22:41:38Z,https://microsoft-research.wandb.io/t-jiachentu/july_stratified_upenn_gbm_idh1_status_single_t1/runs/7245826225.27935-f469c737-18f4,,8aaf7be9-4e94-4393-aee4-b14c9f596cc0,t-jiachentu,False,0,Classification,200,False,ResEncTimeConditioned,200,False,1,multiclass,False,auto,False,3,AdamW,16-mixed,CosineAnneal,20,4,False,200,True,True,0,gpu,0.2,2,16,val,False,0,False,0.01,/mnt/hanoverlimitedwus2/scratch/t-jiachentu/nnssl_data/nnssl_preprocessed/Dataset004_UPENN_GBM,False,6e-05,1,False,0,True,False,full,False,0.2,4,False,batchgenerators.get_training_transforms,10,False,False,idh1_status,True,power,3,False,1,True,epochwise,/mnt/hanoverlimitedwus2/mri/scratch/t-jiachentu/nnssl_data/nnssl_results/MDAE/Openmind/0705/Dataset005_OpenMind/NoiseConditionedMDAETrainer_RandomMask_BS32_2000ep__nnsslPlans__onemmiso/fold_all/checkpoint_latest.pth,0.5,0.47529709339141846,0.4329896867275238,0.5,0.45116278529167175,0.5551813840866089,0.5313922762870789,0.565091609954834,0.5,0.45226916670799255,0.5489076375961304,0.5403951406478882,0.5250495672225952,0.5,0.4507042169570923,0.5544398427009583,21256.0,1000,1754195752.4344263,200,4.5691453082619125e-09,17600,256.0,0.5,False,64.0,cls_token,,,,,,,,,,,,,,,,,,,,,,,
7245828733.57400-b6e4bd6a-82be,resenc_time_conditioned_pretrained_t1_2025-08-02_22-43-14,finished,2025-08-02T22:44:23Z,https://microsoft-research.wandb.io/t-jiachentu/july_stratified_upenn_gbm_idh1_status_single_t1/runs/7245828733.57400-b6e4bd6a-82be,,450dd8e6-8821-43dc-8d69-a4ea89828dd3,t-jiachentu,False,0,Classification,200,False,ResEncTimeConditioned,200,False,1,multiclass,False,auto,False,3,AdamW,16-mixed,CosineAnneal,20,4,False,200,True,True,0,gpu,0.2,2,16,val,False,0,False,0.01,/mnt/hanoverlimitedwus2/scratch/t-jiachentu/nnssl_data/nnssl_preprocessed/Dataset004_UPENN_GBM,False,0.0001,1,False,0,True,False,full,False,0.2,4,False,batchgenerators.get_training_transforms,10,False,False,idh1_status,True,power,3,False,1,True,epochwise,/mnt/hanoverlimitedwus2/mri/scratch/t-jiachentu/nnssl_data/nnssl_results/MDAE/Openmind/0705/Dataset005_OpenMind/NoiseConditionedMDAETrainer_RandomMask_BS32_2000ep__nnsslPlans__onemmiso/fold_all/checkpoint_latest.pth,0.5,0.5673584342002869,0.5704467296600342,0.5,0.45116278529167175,0.5534204244613647,0.5079112648963928,0.49846845865249634,0.5,0.45226916670799255,0.5531694889068604,0.5215603113174438,0.5126488208770752,0.5,0.4507042169570923,0.5553484559059143,21914.0,1000,1754196572.539898,200,7.615242180436517e-09,17600,256.0,0.5,False,64.0,cls_token,,,,,,,,,,,,,,,,,,,,,,,
7245823995.59588-77feb62e-2895,resenc_time_conditioned_pretrained_t1_2025-08-02_23-17-04,finished,2025-08-02T23:18:38Z,https://microsoft-research.wandb.io/t-jiachentu/july_stratified_upenn_gbm_idh1_status_single_t1/runs/7245823995.59588-77feb62e-2895,,522a86fd-0e8c-4562-b5a3-b47b14f68bc9,t-jiachentu,False,0,Classification,200,False,ResEncTimeConditioned,200,False,1,multiclass,False,auto,False,3,AdamW,16-mixed,CosineAnneal,20,4,False,200,True,True,0,gpu,0.2,2,16,val,False,0,False,0.01,/mnt/hanoverlimitedwus2/scratch/t-jiachentu/nnssl_data/nnssl_preprocessed/Dataset004_UPENN_GBM,False,2e-05,1,False,0,True,False,full,False,0.2,4,False,batchgenerators.get_training_transforms,10,False,False,idh1_status,True,power,3,False,1,True,epochwise,/mnt/hanoverlimitedwus2/mri/scratch/t-jiachentu/nnssl_data/nnssl_results/MDAE/Openmind/0705/Dataset005_OpenMind/NoiseConditionedMDAETrainer_RandomMask_BS32_2000ep__nnsslPlans__onemmiso/fold_all/checkpoint_latest.pth,0.5,0.5302642583847046,0.5252822637557983,0.5,0.45116278529167175,0.5538618564605713,0.5067722201347351,0.4973339438438415,0.5,0.45226916670799255,0.552143394947052,0.5028465390205383,0.4893353283405304,0.5,0.4507042169570923,0.5556212663650513,20830.0,1000,1754197546.284944,200,1.5230484360873043e-09,17600,256.0,0.5,False,64.0,cls_token,,,,,,,,,,,,,,,,,,,,,,,
7245819890.62177-7ea0608b-0183,resenc_time_conditioned_pretrained_t1_2025-08-03_00-20-24,finished,2025-08-03T00:22:03Z,https://microsoft-research.wandb.io/t-jiachentu/july_stratified_upenn_gbm_idh1_status_single_t1/runs/7245819890.62177-7ea0608b-0183,,d4157273-8536-46d6-8b39-93450a2bfb6a,t-jiachentu,False,0,Classification,200,False,ResEncTimeConditioned,200,False,1,multiclass,False,auto,False,3,AdamW,16-mixed,CosineAnneal,20,4,False,200,True,True,0,gpu,0.2,2,16,val,False,0,False,0.01,/mnt/hanoverlimitedwus2/scratch/t-jiachentu/nnssl_data/nnssl_preprocessed/Dataset004_UPENN_GBM,False,8e-05,1,False,0,True,False,full,False,0.2,4,False,batchgenerators.get_training_transforms,10,False,False,idh1_status,True,power,3,False,1,True,epochwise,/mnt/hanoverlimitedwus2/mri/scratch/t-jiachentu/nnssl_data/nnssl_results/MDAE/Openmind/0705/Dataset005_OpenMind/NoiseConditionedMDAETrainer_RandomMask_BS32_2000ep__nnsslPlans__onemmiso/fold_all/checkpoint_latest.pth,0.5,0.4492735266685486,0.34683358669281006,0.5,0.45116278529167175,0.5548219084739685,0.5932363271713257,0.6681320667266846,0.5,0.45226916670799255,0.5387692451477051,0.5430440902709961,0.5332341194152832,0.5,0.4507042169570923,0.559634268283844,22135.0,1000,1754202657.3240533,200,6.092193744349217e-09,17600,256.0,0.5,False,64.0,cls_token,,,,,,,,,,,,,,,,,,,,,,,
7245740646.18815-64f0fca2-76dc,dinov2_pretrained_t1_2025-08-03_22-28-14,finished,2025-08-03T22:28:37Z,https://microsoft-research.wandb.io/t-jiachentu/july_stratified_upenn_gbm_idh1_status_single_t1/runs/7245740646.18815-64f0fca2-76dc,,681bb349-59ec-4c28-a350-987c30d42e33,t-jiachentu,False,0,Classification,200,False,dinov2,50,False,1,multiclass,False,auto,False,3,AdamW,16-mixed,CosineAnneal,20,4,False,200,True,True,0,gpu,0.2,2,16,val,False,0,False,0.01,/mnt/hanoverlimitedwus2/scratch/t-jiachentu/nnssl_data/nnssl_preprocessed/Dataset004_UPENN_GBM,False,8e-05,1,False,0,True,False,full,False,0.2,2,False,batchgenerators.get_training_transforms,10,False,False,idh1_status,True,power,3,False,1,True,epochwise,,0.5,0.4817756414413452,0.4241531491279602,0.5,0.45116278529167175,0.5537987947463989,0.5253996849060059,0.5391400456428528,0.5,0.45226916670799255,0.5495186448097229,0.4854776263236999,0.44370037317276,0.5,0.4507042169570923,0.5552061796188354,27819.0,1000,1754287934.8038943,200,6.092193744349217e-09,35000,,,,,mean,,True,,,,,,,,mean,facebook/dinov2-base,,,,,,,,,,,,
7245739094.94730-ad380815-553b,mri_core_pretrained_t1_2025-08-03_22-54-08,finished,2025-08-03T22:54:42Z,https://microsoft-research.wandb.io/t-jiachentu/july_stratified_upenn_gbm_idh1_status_single_t1/runs/7245739094.94730-ad380815-553b,,5c668fda-03d3-4599-bfe1-ea6c852bc0e3,t-jiachentu,False,0,Classification,100,False,MRICore,100,False,1,multiclass,False,auto,False,3,AdamW,16-mixed,CosineAnneal,20,1,False,100,False,True,0,gpu,0.2,2,16,val,False,0,False,0.01,/mnt/hanoverlimitedwus2/scratch/t-jiachentu/nnssl_data/nnssl_preprocessed/Dataset004_UPENN_GBM,False,0.0001,1,False,0,True,False,full,False,0.2,2,False,batchgenerators.get_training_transforms,10,False,False,idh1_status,True,power,3,False,1,True,epochwise,/mnt/hanoverlimitedwus2/scratch/t-jiachentu/nnssl_data/pretrained_ckpts/mri_core/mri_core_checkpoint.pth,0.5,0.5096378326416016,0.5282278060913086,0.5,0.45116278529167175,0.5542550683021545,0.4820089340209961,0.4469056725502014,0.5,0.45226916670799255,0.5554836392402649,0.5056451559066772,0.5133928656578064,0.5,0.4507042169570923,0.5551987886428833,19330.0,500,1754281011.9916272,100,3.854818796385494e-08,17500,,,False,,mean,,,12.0,768.0,4.0,12.0,512.0,224.0,16.0,mean,,,,,,,,,,,,,
7245738808.21375-6946bf93-31c1,resenc_pretrained_t1_2025-08-03_22-57-56,finished,2025-08-03T22:58:31Z,https://microsoft-research.wandb.io/t-jiachentu/july_stratified_upenn_gbm_idh1_status_single_t1/runs/7245738808.21375-6946bf93-31c1,,8ca07958-df82-4dee-a0fc-bc004267e2b3,t-jiachentu,False,0,Classification,200,False,ResEncoder_Classifier,200,False,1,multiclass,False,auto,False,3,AdamW,16-mixed,CosineAnneal,20,1,False,200,True,True,0,gpu,0.2,2,16,val,False,0,False,0.01,/mnt/hanoverlimitedwus2/scratch/t-jiachentu/nnssl_data/nnssl_preprocessed/Dataset004_UPENN_GBM,False,8e-05,1,False,0,True,False,full,False,0.2,8,False,batchgenerators.get_training_transforms,10,False,False,idh1_status,True,power,3,False,1,True,epochwise,/mnt/hanoverlimitedwus2/mri/scratch/t-jiachentu/pretrained_ckpts/ResEncL-OpenMind-MAE/checkpoint_final.pth,0.2,0.48818302154541016,0.427835077047348,0.5,0.45116278529167175,0.5543162822723389,0.6195307970046997,0.6373872756958008,0.5,0.45226916670799255,0.539863109588623,0.625636637210846,0.567460298538208,0.5,0.4507042169570923,0.547058641910553,25700.0,1000,1754287609.5695198,200,6.092193744349217e-09,8800,,,,,,,,,,,,,,,,,,,,,,,,,,,,
7245718603.77987-10528252-5035,brainiac_pretrained_t1_2025-08-04_04-35-17,finished,2025-08-04T04:35:44Z,https://microsoft-research.wandb.io/t-jiachentu/july_stratified_upenn_gbm_idh1_status_single_t1/runs/7245718603.77987-10528252-5035,,1a1a6160-0215-477a-bbe3-5c6fa16c871c,t-jiachentu,False,0,Classification,200,False,brainiac,200,False,1,multiclass,False,auto,False,3,AdamW,16-mixed,CosineAnneal,20,1,False,200,True,True,0,gpu,0.2,2,16,val,False,0,False,0.01,/mnt/hanoverlimitedwus2/scratch/t-jiachentu/nnssl_data/nnssl_preprocessed/Dataset004_UPENN_GBM,False,6e-05,1,False,0,True,False,full,False,0.2,1,False,batchgenerators.get_training_transforms,10,False,False,idh1_status,True,power,3,False,1,False,epochwise,/mnt/hanoverlimitedwus2/scratch/t-jiachentu/nnssl_data/pretrained_ckpts/BrainIAC/BrainIAC.ckpt,0.0,0.5249496102333069,0.4788905382156372,0.5,0.45116278529167175,0.583881139755249,0.5169300436973572,0.5271143913269043,0.5,0.45226916670799255,0.5500873923301697,0.5176807641983032,0.5091766119003296,0.5,0.4507042169570923,0.5620524883270264,18437.0,1000,1754300578.2093515,200,4.5691453082619125e-09,70000,,,,,cls_token,0.2,True,,,,,,,,,,,,,,,,,,,,,
7245718542.07816-2fece5a9-1723,brainiac_scratch_t1_2025-08-04_04-37-05,finished,2025-08-04T04:37:32Z,https://microsoft-research.wandb.io/t-jiachentu/july_stratified_upenn_gbm_idh1_status_single_t1/runs/7245718542.07816-2fece5a9-1723,,01ff65ac-4e6e-44d9-8869-c7e056d37180,t-jiachentu,False,0,Classification,200,False,brainiac,200,False,1,multiclass,False,auto,False,3,AdamW,16-mixed,CosineAnneal,20,1,False,200,False,True,0,gpu,0.2,2,16,val,False,0,False,0.01,/mnt/hanoverlimitedwus2/scratch/t-jiachentu/nnssl_data/nnssl_preprocessed/Dataset004_UPENN_GBM,False,6e-05,1,False,0,True,False,full,False,0.2,1,False,batchgenerators.get_training_transforms,10,False,False,idh1_status,True,power,3,False,1,False,epochwise,,0.0,0.4703175723552704,0.4236622452735901,0.5,0.45116278529167175,0.6265007853507996,0.6064276099205017,0.6830223202705383,0.5,0.45226916670799255,0.5362313985824585,0.5100635290145874,0.4861111044883728,0.5,0.4507042169570923,0.668164074420929,18118.0,1000,1754300366.4756043,200,4.5691453082619125e-09,70000,,,,,cls_token,0.2,True,,,,,,,,,,,,,,,,,,,,,
7245717596.32182-23d04842-929e,brainmvp_pretrained_t1_2025-08-04_04-51-48,finished,2025-08-04T04:52:21Z,https://microsoft-research.wandb.io/t-jiachentu/july_stratified_upenn_gbm_idh1_status_single_t1/runs/7245717596.32182-23d04842-929e,,dbdb64c4-2b8a-4100-8b86-3c4214fd1595,t-jiachentu,False,0,Classification,200,False,brainmvp,200,False,1,multiclass,False,auto,False,3,AdamW,16-mixed,CosineAnneal,20,1,False,200,True,True,0,gpu,0.2,2,16,val,False,0,False,0.01,/mnt/hanoverlimitedwus2/scratch/t-jiachentu/nnssl_data/nnssl_preprocessed/Dataset004_UPENN_GBM,False,6e-05,1,False,0,True,False,full,False,0.2,4,False,batchgenerators.get_training_transforms,10,False,False,idh1_status,True,power,3,False,1,True,epochwise,/mnt/hanoverlimitedwus2/scratch/t-jiachentu/nnssl_data/pretrained_ckpts/BrainMVP/BrainMVP_unet.pt,0.0,0.5329150557518005,0.5041728019714355,0.5,0.45116278529167175,0.5538008809089661,0.5865311622619629,0.6309773921966553,0.5,0.45226916670799255,0.544293224811554,0.5342823266983032,0.5014880895614624,0.5,0.4507042169570923,0.556327223777771,13747.0,1000,1754296889.898034,200,4.5691453082619125e-09,17600,,,,,cls_token,0.2,True,,,,,,,,,,,,,,,,,,,,,
7245696758.74551-1db73e11-81df,resenc_SwinUNETR_pretrained_t1_2025-08-04_10-32-13,finished,2025-08-04T10:32:48Z,https://microsoft-research.wandb.io/t-jiachentu/july_stratified_upenn_gbm_idh1_status_single_t1/runs/7245696758.74551-1db73e11-81df,,ce620d6a-4a23-4f28-8791-6987659794e4,t-jiachentu,False,0,Classification,200,False,ResEncoder_Classifier,200,False,1,multiclass,False,auto,False,3,AdamW,16-mixed,CosineAnneal,20,4,False,200,True,True,0,gpu,0.2,2,16,val,False,0,False,0.01,/mnt/hanoverlimitedwus2/scratch/t-jiachentu/nnssl_data/nnssl_preprocessed/Dataset004_UPENN_GBM,False,8e-05,1,False,0,True,False,full,False,0.2,8,False,batchgenerators.get_training_transforms,10,False,False,idh1_status,True,power,3,False,1,True,epochwise,/mnt/hanoverlimitedwus2/mri/scratch/t-jiachentu/pretrained_ckpts/ResEncL_ckpts/ResEncL-OpenMind-SwinUNETR/checkpoint_final.pth,0.2,0.4843112528324127,0.3858615756034851,0.5083456039428711,0.4854976236820221,0.6038241982460022,0.9678927659988404,0.9847694635391236,0.911112368106842,0.9276688694953918,0.3766189217567444,0.5245249271392822,0.4813988208770752,0.503720223903656,0.5024008750915527,0.6920788288116455,24163.0,1000,1754327729.6772375,200,6.092193744349217e-09,8800,,,,,,,,,,,,,,,,,,,,,,,,,,,,
7245695992.29545-4d590036-da24,resenc_VoCo_pretrained_t1_2025-08-04_10-45-07,finished,2025-08-04T10:45:39Z,https://microsoft-research.wandb.io/t-jiachentu/july_stratified_upenn_gbm_idh1_status_single_t1/runs/7245695992.29545-4d590036-da24,,8c69d1e6-95c3-4564-972a-20afd45a6031,t-jiachentu,False,0,Classification,200,False,ResEncoder_Classifier,200,False,1,multiclass,False,auto,False,3,AdamW,16-mixed,CosineAnneal,20,4,False,200,True,True,0,gpu,0.2,2,16,val,False,0,False,0.01,/mnt/hanoverlimitedwus2/scratch/t-jiachentu/nnssl_data/nnssl_preprocessed/Dataset004_UPENN_GBM,False,8e-05,1,False,0,True,False,full,False,0.2,8,False,batchgenerators.get_training_transforms,10,False,False,idh1_status,True,power,3,False,1,True,epochwise,/mnt/hanoverlimitedwus2/mri/scratch/t-jiachentu/pretrained_ckpts/ResEncL_ckpts/ResEncL-OpenMind-VoCo/checkpoint_final.pth,0.2,0.5066399574279785,0.5029454827308655,0.5,0.45116278529167175,0.5538547039031982,0.5380251407623291,0.524249792098999,0.5,0.45226916670799255,0.5496262311935425,0.5225068926811218,0.523065447807312,0.5,0.4507042169570923,0.5552019476890564,18925.0,1000,1754323262.729287,200,6.092193744349217e-09,8800,,,,,,,,,,,,,,,,,,,,,,,,,,,,
7245695217.95682-afd2e5cf-45a8,resenc_SimCLR_pretrained_t1_2025-08-04_11-04-40,finished,2025-08-04T11:05:14Z,https://microsoft-research.wandb.io/t-jiachentu/july_stratified_upenn_gbm_idh1_status_single_t1/runs/7245695217.95682-afd2e5cf-45a8,,6353ac28-26a1-4230-8ec5-329ef6f9d118,t-jiachentu,False,0,Classification,200,False,ResEncoder_Classifier,200,False,1,multiclass,False,auto,False,3,AdamW,16-mixed,CosineAnneal,20,4,False,200,True,True,0,gpu,0.2,2,16,val,False,0,False,0.01,/mnt/hanoverlimitedwus2/scratch/t-jiachentu/nnssl_data/nnssl_preprocessed/Dataset004_UPENN_GBM,False,8e-05,1,False,0,True,False,full,False,0.2,8,False,batchgenerators.get_training_transforms,10,False,False,idh1_status,True,power,3,False,1,True,epochwise,/mnt/hanoverlimitedwus2/mri/scratch/t-jiachentu/pretrained_ckpts/ResEncL_ckpts/ResEncL-OpenMind-SimCLR/checkpoint_final.pth,0.2,0.485901802778244,0.4064801335334778,0.5,0.45116278529167175,0.5539171695709229,0.609519898891449,0.6707697510719299,0.5,0.45226916670799255,0.5459494590759277,0.5485836863517761,0.5798611044883728,0.5,0.4507042169570923,0.5544846653938293,24287.0,1000,1754329799.8327348,200,6.092193744349217e-09,8800,,,,,,,,,,,,,,,,,,,,,,,,,,,,
7245694419.58277-5e0b8211-8d1d,resenc_MG_pretrained_t1_2025-08-04_11-16-41,finished,2025-08-04T11:17:15Z,https://microsoft-research.wandb.io/t-jiachentu/july_stratified_upenn_gbm_idh1_status_single_t1/runs/7245694419.58277-5e0b8211-8d1d,,a8df4d09-86ac-4a70-a5bf-ff6f5e913f2e,t-jiachentu,False,0,Classification,200,False,ResEncoder_Classifier,200,False,1,multiclass,False,auto,False,3,AdamW,16-mixed,CosineAnneal,20,4,False,200,True,True,0,gpu,0.2,2,16,val,False,0,False,0.01,/mnt/hanoverlimitedwus2/scratch/t-jiachentu/nnssl_data/nnssl_preprocessed/Dataset004_UPENN_GBM,False,8e-05,1,False,0,True,False,full,False,0.2,8,False,batchgenerators.get_training_transforms,10,False,False,idh1_status,True,power,3,False,1,True,epochwise,/mnt/hanoverlimitedwus2/mri/scratch/t-jiachentu/pretrained_ckpts/ResEncL_ckpts/ResEncL-OpenMind-MG/checkpoint_final.pth,0.2,0.5104435682296753,0.5321551561355591,0.5,0.45116278529167175,0.5547067523002625,0.6844191551208496,0.7243179082870483,0.5,0.45226916670799255,0.5280396938323975,0.5799469351768494,0.6383928060531616,0.5,0.4507042169570923,0.5471064448356628,24254.0,1000,1754330488.3360686,200,6.092193744349217e-09,8800,,,,,,,,,,,,,,,,,,,,,,,,,,,,
7245693655.26774-17d00cb3-75c4,resenc_S3D_pretrained_t1_2025-08-04_11-25-34,finished,2025-08-04T11:26:09Z,https://microsoft-research.wandb.io/t-jiachentu/july_stratified_upenn_gbm_idh1_status_single_t1/runs/7245693655.26774-17d00cb3-75c4,,9731ab80-511a-45af-becb-f03a351d61ff,t-jiachentu,False,0,Classification,200,False,ResEncoder_Classifier,200,False,1,multiclass,False,auto,False,3,AdamW,16-mixed,CosineAnneal,20,4,False,200,True,True,0,gpu,0.2,2,16,val,False,0,False,0.01,/mnt/hanoverlimitedwus2/scratch/t-jiachentu/nnssl_data/nnssl_preprocessed/Dataset004_UPENN_GBM,False,8e-05,1,False,0,True,False,full,False,0.2,8,False,batchgenerators.get_training_transforms,10,False,False,idh1_status,True,power,3,False,1,True,epochwise,/mnt/hanoverlimitedwus2/mri/scratch/t-jiachentu/pretrained_ckpts/ResEncL_ckpts/ResEncL-OpenMind-S3D/checkpoint_final.pth,0.2,0.5571867823600769,0.5959744453430176,0.5,0.45116278529167175,0.5515795350074768,0.6440712213516235,0.7019966840744019,0.5,0.45226916670799255,0.5412053465843201,0.6758065819740295,0.7286706566810608,0.5,0.4507042169570923,0.5433050990104675,24563.0,1000,1754331331.331257,200,6.092193744349217e-09,8800,,,,,,,,,,,,,,,,,,,,,,,,,,,,
7245692849.59940-c73f0445-0921,resenc_VF_pretrained_t1_2025-08-04_12-52-50,finished,2025-08-04T12:53:28Z,https://microsoft-research.wandb.io/t-jiachentu/july_stratified_upenn_gbm_idh1_status_single_t1/runs/7245692849.59940-c73f0445-0921,,5c82bb4d-79ca-402e-801f-3ec2dc26814d,t-jiachentu,False,0,Classification,200,False,ResEncoder_Classifier,200,False,1,multiclass,False,auto,False,3,AdamW,16-mixed,CosineAnneal,20,4,False,200,True,True,0,gpu,0.2,2,16,val,False,0,False,0.01,/mnt/hanoverlimitedwus2/scratch/t-jiachentu/nnssl_data/nnssl_preprocessed/Dataset004_UPENN_GBM,False,8e-05,1,False,0,True,False,full,False,0.2,8,False,batchgenerators.get_training_transforms,10,False,False,idh1_status,True,power,3,False,1,True,epochwise,/mnt/hanoverlimitedwus2/mri/scratch/t-jiachentu/pretrained_ckpts/ResEncL_ckpts/ResEncL-OpenMind-VF/checkpoint_final.pth,0.2,0.4902327060699463,0.4445262551307678,0.4980363249778747,0.47722843289375305,0.5959124565124512,0.9703484773635864,0.97878497838974,0.9063758850097656,0.9314045906066896,0.3742903470993042,0.601654052734375,0.596230149269104,0.5796130895614624,0.5943134427070618,0.5870979428291321,25773.0,1000,1754337779.911675,200,6.092193744349217e-09,8800,,,,,,,,,,,,,,,,,,,,,,,,,,,,
7245608052.42814-1837989a-c975,resenc_MDAETrainer_RandomMask_Flow_BS48_2000ep_pretrained_t1_2025-08-05_11-19-13,finished,2025-08-05T11:19:50Z,https://microsoft-research.wandb.io/t-jiachentu/july_stratified_upenn_gbm_idh1_status_single_t1/runs/7245608052.42814-1837989a-c975,,4268d930-757a-4fee-b218-860cd5b606d1,t-jiachentu,False,0,Classification,200,False,ResEncoder_Classifier,200,False,1,multiclass,False,auto,False,3,AdamW,16-mixed,CosineAnneal,20,4,False,200,True,True,0,gpu,0.2,2,16,val,False,0,False,0.01,/mnt/hanoverlimitedwus2/scratch/t-jiachentu/nnssl_data/nnssl_preprocessed/Dataset004_UPENN_GBM,False,3e-05,1,False,0,True,False,full,False,0.2,8,False,batchgenerators.get_training_transforms,10,False,False,idh1_status,True,power,3,False,1,True,epochwise,/mnt/hanoverlimitedwus2/mri/scratch/t-jiachentu/nnssl_data/nnssl_results/MDAE/Openmind/0705/Dataset005_OpenMind/BaseMDAETrainer_RandomMask_Flow_BS48_2000ep__nnsslPlans__onemmiso/fold_all/checkpoint_best.pth,0.2,0.5102494955062866,0.485027015209198,0.5,0.45116278529167175,0.5542116761207581,0.6216163635253906,0.6281695365905762,0.5245901346206665,0.501277506351471,0.5374717116355896,0.5611125230789185,0.6163194179534912,0.4947916567325592,0.44811320304870605,0.5528918504714966,23874.0,1000,1754416660.908532,200,2.2845726541309562e-09,8800,,,,,,,,,,,,,,,,,,,,,,,,,,,,
7245607215.06673-672e3b18-f52f,resenc_multimodal_mm_mdae_pretrained_pretrained_t1_2025-08-05_11-24-42,finished,2025-08-05T11:25:09Z,https://microsoft-research.wandb.io/t-jiachentu/july_stratified_upenn_gbm_idh1_status_single_t1/runs/7245607215.06673-672e3b18-f52f,,be1c00b7-0984-4067-b8e4-d2be22cba321,t-jiachentu,False,0,Classification,200,False,ResEncoderMultiModal_Classifier,200,False,1,multiclass,False,auto,False,3,AdamW,16-mixed,CosineAnneal,20,4,False,200,True,True,0,gpu,0.2,2,16,val,False,0,False,0.01,/mnt/hanoverlimitedwus2/scratch/t-jiachentu/nnssl_data/nnssl_preprocessed/Dataset004_UPENN_GBM,False,3e-05,1,False,0,True,False,full,False,0.2,8,False,batchgenerators.get_training_transforms,10,False,False,idh1_status,True,power,3,False,1,True,epochwise,/mnt/hanoverlimitedwus2/mri/scratch/t-jiachentu/nnssl_data/nnssl_results/MDAE/Openmind/0705/Dataset005_OpenMind/BaseMDAETrainer_RandomMask_Flow_BS48_2000ep__nnsslPlans__onemmiso/fold_all/checkpoint_best.pth,0.2,0.5102494955062866,0.485027015209198,0.5,0.45116278529167175,0.5542116761207581,0.6216163635253906,0.6281695365905762,0.5245901346206665,0.501277506351471,0.5374717116355896,0.5611125230789185,0.6163194179534912,0.4947916567325592,0.44811320304870605,0.5528918504714966,23250.0,1000,1754416356.7092586,200,2.2845726541309562e-09,8800,,,,,,,,,,,,,,,,,,,,,,,,,,,,
7245606395.95459-03ce8325-5363,resenc_time_conditioned_pretrained_t1_2025-08-05_11-49-08,finished,2025-08-05T11:49:59Z,https://microsoft-research.wandb.io/t-jiachentu/july_stratified_upenn_gbm_idh1_status_single_t1/runs/7245606395.95459-03ce8325-5363,,f6d60db5-df3e-4cf8-9876-bea74ed8e4bc,t-jiachentu,False,0,Classification,200,False,ResEncTimeConditioned,200,False,1,multiclass,False,auto,False,3,AdamW,16-mixed,CosineAnneal,20,4,False,200,True,True,0,gpu,0.2,2,16,val,False,0,False,0.01,/mnt/hanoverlimitedwus2/scratch/t-jiachentu/nnssl_data/nnssl_preprocessed/Dataset004_UPENN_GBM,False,3e-05,1,False,0,True,False,full,False,0.2,4,False,batchgenerators.get_training_transforms,10,False,False,idh1_status,True,power,3,False,1,True,epochwise,/mnt/hanoverlimitedwus2/mri/scratch/t-jiachentu/nnssl_data/nnssl_results/MDAE/Openmind/0705/Dataset005_OpenMind/NoiseConditionedMDAETrainer_RandomMask_BS32_2000ep__nnsslPlans__onemmiso/fold_all/checkpoint_best.pth,0.5,0.5495631098747253,0.4766814112663269,0.5,0.45116278529167175,0.5538389682769775,0.5045104026794434,0.4904135465621948,0.5,0.45226916670799255,0.5527411103248596,0.5181722044944763,0.4982638955116272,0.5,0.4507042169570923,0.5551912784576416,25044.0,1000,1754419640.111087,200,2.2845726541309562e-09,17600,256.0,0.5,False,64.0,cls_token,,,,,,,,,,,,,,,,,,,,,,,
7245465115.63680-97da9ccc-143e,eva_mdae_pretrained_t1_2025-08-07_02-54-11,finished,2025-08-07T02:55:00Z,https://microsoft-research.wandb.io/t-jiachentu/july_stratified_upenn_gbm_idh1_status_single_t1/runs/7245465115.63680-97da9ccc-143e,,6b605ba8-6222-48e4-94c4-53f97676a88c,t-jiachentu,False,0,Classification,200,False,Eva_MAE,200,False,1,multiclass,False,auto,False,3,AdamW,16-mixed,CosineAnneal,20,2,False,200,True,True,0,gpu,0.2,2,16,val,False,0,False,0.01,/mnt/hanoverlimitedwus2/scratch/t-jiachentu/nnssl_data/nnssl_preprocessed/Dataset004_UPENN_GBM,False,0.0001,1,False,0,True,False,full,False,0.2,4,False,batchgenerators.get_training_transforms,10,False,False,idh1_status,True,power,3,False,1,True,epochwise,/mnt/hanoverlimitedwus2/mri/scratch/t-jiachentu/nnssl_data/nnssl_results/0729/openmind005/Dataset005_OpenMind/EvaMDAETrainer_RandomMask_Flow_BS64__nnsslPlans__onemmiso/fold_all/checkpoint_best.pth,0.2,0.4880967140197754,0.4590083360671997,0.5,0.45116278529167175,0.5577726364135742,0.6462757587432861,0.702734112739563,0.5211299657821655,0.4981359243392944,0.5285160541534424,0.5513386130332947,0.5585317611694336,0.4895833432674408,0.4454976320266723,0.5601966381072998,85578.0,1000,1754620874.6393995,200,7.615242180436517e-09,17600,,,,,avg,,,16.0,864.0,2.66666667,12.0,,,,,,/mnt/hanoverlimitedwus2/mri/scratch/t-jiachentu/nnssl_data/nnssl_results/0729/openmind005/Dataset005_OpenMind/EvaMDAETrainer_RandomMask_Flow_BS64__nnsslPlans__onemmiso/fold_all/checkpoint_best.pth,0.0,0.0,False,0.0,0.0,True,0.0,True,True,True,interpolate_trilinear
7245465110.89711-ad63628c-9206,eva_simmim_pretrained_t1_2025-08-07_02-53-57,finished,2025-08-07T02:55:29Z,https://microsoft-research.wandb.io/t-jiachentu/july_stratified_upenn_gbm_idh1_status_single_t1/runs/7245465110.89711-ad63628c-9206,,f938644e-aec3-4edf-88d2-5009ee58bf47,t-jiachentu,False,0,Classification,200,False,Eva_MAE,200,False,1,multiclass,False,auto,False,3,AdamW,16-mixed,CosineAnneal,20,2,False,200,True,True,0,gpu,0.2,2,16,val,False,0,False,0.01,/mnt/hanoverlimitedwus2/scratch/t-jiachentu/nnssl_data/nnssl_preprocessed/Dataset004_UPENN_GBM,False,0.0001,1,False,0,True,False,full,False,0.2,4,False,batchgenerators.get_training_transforms,10,False,False,idh1_status,True,power,3,False,1,True,epochwise,/mnt/hanoverlimitedwus2/mri/scratch/t-jiachentu/pretrained_ckpts/eva/PrimusM-OpenMind-SimMIM/checkpoint_final.pth,0.2,0.47672581672668457,0.43593519926071167,0.5,0.45116278529167175,0.5539898872375488,0.522530734539032,0.5078563690185547,0.5,0.45226916670799255,0.5502697825431824,0.5000274181365967,0.4811508059501648,0.5,0.4507042169570923,0.5552540421485901,76120.0,1000,1754611445.1741858,200,7.615242180436517e-09,17600,,,,,avg,,,16.0,864.0,2.66666667,12.0,,,,,,/mnt/hanoverlimitedwus2/mri/scratch/t-jiachentu/pretrained_ckpts/eva/PrimusM-OpenMind-SimMIM/checkpoint_final.pth,0.0,0.0,False,0.0,0.0,True,0.0,True,True,True,interpolate
7245463838.04937-d1018627-c5c1,eva_swinunetr_pretrained_t1_2025-08-07_15-20-49,finished,2025-08-07T03:23:09Z,https://microsoft-research.wandb.io/t-jiachentu/july_stratified_upenn_gbm_idh1_status_single_t1/runs/7245463838.04937-d1018627-c5c1,,64acc3a1-024d-4ea0-9072-99cf95ef2e36,t-jiachentu,False,0,Classification,200,False,Eva_MAE,200,False,1,multiclass,False,auto,False,3,AdamW,16-mixed,CosineAnneal,20,2,False,200,True,True,0,gpu,0.2,2,16,val,False,0,False,0.01,/mnt/hanoverlimitedwus2/scratch/t-jiachentu/nnssl_data/nnssl_preprocessed/Dataset004_UPENN_GBM,False,0.0001,1,False,0,True,False,full,False,0.2,4,False,batchgenerators.get_training_transforms,10,False,False,idh1_status,True,power,3,False,1,True,epochwise,/mnt/hanoverlimitedwus2/mri/scratch/t-jiachentu/pretrained_ckpts/eva/PrimusM-OpenMind-SwinUNETR/checkpoint_final.pth,0.2,0.4876065254211426,0.4180167019367218,0.5,0.45116278529167175,0.5582482814788818,0.7032331824302673,0.7158092260360718,0.6207668781280518,0.6514420509338379,0.5097123384475708,0.5144322514533997,0.4858630895614624,0.4717261791229248,0.4569925665855408,0.6343188881874084,135403.0,1472,1754674414.049467,200,7.615242180436517e-09,17600,,,,,avg,,,16.0,864.0,2.66666667,12.0,,,,,,/mnt/hanoverlimitedwus2/mri/scratch/t-jiachentu/pretrained_ckpts/eva/PrimusM-OpenMind-SwinUNETR/checkpoint_final.pth,0.0,0.0,False,0.0,0.0,True,0.0,True,True,True,interpolate
7245463820.39459-611c65be-4853,eva_mae_pretrained_t1_2025-08-07_03-22-34,finished,2025-08-07T03:23:23Z,https://microsoft-research.wandb.io/t-jiachentu/july_stratified_upenn_gbm_idh1_status_single_t1/runs/7245463820.39459-611c65be-4853,,7c763099-d613-41f0-8709-97d6f4338141,t-jiachentu,False,0,Classification,200,False,Eva_MAE,200,False,1,multiclass,False,auto,False,3,AdamW,16-mixed,CosineAnneal,20,2,False,200,True,True,0,gpu,0.2,2,16,val,False,0,False,0.01,/mnt/hanoverlimitedwus2/scratch/t-jiachentu/nnssl_data/nnssl_preprocessed/Dataset004_UPENN_GBM,False,0.0001,1,False,0,True,False,full,False,0.2,4,False,batchgenerators.get_training_transforms,10,False,False,idh1_status,True,power,3,False,1,True,epochwise,/mnt/hanoverlimitedwus2/mri/scratch/t-jiachentu/pretrained_ckpts/eva/PrimusM-OpenMind-MAE/checkpoint_final.pth,0.2,0.4769858717918396,0.40451639890670776,0.5,0.45116278529167175,0.5539794564247131,0.5645118951797485,0.6040331125259399,0.5,0.45226916670799255,0.5457456111907959,0.5996385216712952,0.59375,0.5,0.4507042169570923,0.5528282523155212,85227.0,1000,1754622228.8322318,200,7.615242180436517e-09,17600,,,,,avg,,,16.0,864.0,2.66666667,12.0,,,,,,/mnt/hanoverlimitedwus2/mri/scratch/t-jiachentu/pretrained_ckpts/eva/PrimusM-OpenMind-MAE/checkpoint_final.pth,0.0,0.0,False,0.0,0.0,True,0.0,True,True,True,interpolate
7245462530.78538-ab89e589-f67e,eva_mg_pretrained_t1_2025-08-07_03-44-17,finished,2025-08-07T03:45:04Z,https://microsoft-research.wandb.io/t-jiachentu/july_stratified_upenn_gbm_idh1_status_single_t1/runs/7245462530.78538-ab89e589-f67e,,7b5fe07d-054d-486c-a346-092f468787a9,t-jiachentu,False,0,Classification,200,False,Eva_MAE,200,False,1,multiclass,False,auto,False,3,AdamW,16-mixed,CosineAnneal,20,2,False,200,True,True,0,gpu,0.2,2,16,val,False,0,False,0.01,/mnt/hanoverlimitedwus2/scratch/t-jiachentu/nnssl_data/nnssl_preprocessed/Dataset004_UPENN_GBM,False,0.0001,1,False,0,True,False,full,False,0.2,4,False,batchgenerators.get_training_transforms,10,False,False,idh1_status,True,power,3,False,1,True,epochwise,/mnt/hanoverlimitedwus2/mri/scratch/t-jiachentu/pretrained_ckpts/eva/PrimusM-OpenMind-MG/checkpoint_final.pth,0.2,0.46190810203552246,0.37334316968917847,0.5,0.45116278529167175,0.5622982978820801,0.6351199746131897,0.6787111759185791,0.5439900159835815,0.5396825671195984,0.5311285257339478,0.5152297616004944,0.4647817611694336,0.5133928656578064,0.4892857074737549,0.5907589793205261,85434.0,1000,1754623734.034504,200,7.615242180436517e-09,17600,,,,,avg,,,16.0,864.0,2.66666667,12.0,,,,,,/mnt/hanoverlimitedwus2/mri/scratch/t-jiachentu/pretrained_ckpts/eva/PrimusM-OpenMind-MG/checkpoint_final.pth,0.0,0.0,False,0.0,0.0,True,0.0,True,True,True,interpolate
7245462571.72247-ac3cb891-637d,eva_vf_pretrained_t1_2025-08-07_03-48-25,finished,2025-08-07T03:49:35Z,https://microsoft-research.wandb.io/t-jiachentu/july_stratified_upenn_gbm_idh1_status_single_t1/runs/7245462571.72247-ac3cb891-637d,,d6bece6b-ef31-4d73-bd1c-3a259d6516d8,t-jiachentu,False,0,Classification,200,False,Eva_MAE,200,False,1,multiclass,False,auto,False,3,AdamW,16-mixed,CosineAnneal,20,2,False,200,True,True,0,gpu,0.2,2,16,val,False,0,False,0.01,/mnt/hanoverlimitedwus2/scratch/t-jiachentu/nnssl_data/nnssl_preprocessed/Dataset004_UPENN_GBM,False,0.0001,1,False,0,True,False,full,False,0.2,4,False,batchgenerators.get_training_transforms,10,False,False,idh1_status,True,power,3,False,1,True,epochwise,/mnt/hanoverlimitedwus2/mri/scratch/t-jiachentu/pretrained_ckpts/eva/PrimusM-OpenMind-VF/checkpoint_final.pth,0.2,0.4955909252166748,0.4712812900543213,0.5,0.45116278529167175,0.5543465614318848,0.6198238134384155,0.6453571319580078,0.5357933044433594,0.5257125496864319,0.5339360237121582,0.5427417755126953,0.6091269850730896,0.4895833432674408,0.4454976320266723,0.5606551170349121,78759.0,1000,1754617331.6537,200,7.615242180436517e-09,17600,,,,,avg,,,16.0,864.0,2.66666667,12.0,,,,,,/mnt/hanoverlimitedwus2/mri/scratch/t-jiachentu/pretrained_ckpts/eva/PrimusM-OpenMind-VF/checkpoint_final.pth,0.0,0.0,False,0.0,0.0,True,0.0,True,True,True,interpolate
7245461287.06241-f50bf024-3c66,eva_voco_pretrained_t1_2025-08-07_04-04-25,finished,2025-08-07T04:05:36Z,https://microsoft-research.wandb.io/t-jiachentu/july_stratified_upenn_gbm_idh1_status_single_t1/runs/7245461287.06241-f50bf024-3c66,,97cada8d-0519-4d3e-8fb2-90de3190608d,t-jiachentu,False,0,Classification,200,False,Eva_MAE,200,False,1,multiclass,False,auto,False,3,AdamW,16-mixed,CosineAnneal,20,2,False,200,True,True,0,gpu,0.2,2,16,val,False,0,False,0.01,/mnt/hanoverlimitedwus2/scratch/t-jiachentu/nnssl_data/nnssl_preprocessed/Dataset004_UPENN_GBM,False,0.0001,1,False,0,True,False,full,False,0.2,4,False,batchgenerators.get_training_transforms,10,False,False,idh1_status,True,power,3,False,1,True,epochwise,/mnt/hanoverlimitedwus2/mri/scratch/t-jiachentu/pretrained_ckpts/eva/PrimusM-OpenMind-VoCo/checkpoint_final.pth,0.2,0.49394863843917847,0.4290623366832733,0.5,0.45116278529167175,0.5585920810699463,0.6563250422477722,0.7238357067108154,0.5521867275238037,0.5532815456390381,0.5232855081558228,0.5319337844848633,0.5560516119003296,0.5215774178504944,0.5131761431694031,0.5706664323806763,74527.0,1000,1754614059.400512,200,7.615242180436517e-09,17600,,,,,avg,,,16.0,864.0,2.66666667,12.0,,,,,,/mnt/hanoverlimitedwus2/mri/scratch/t-jiachentu/pretrained_ckpts/eva/PrimusM-OpenMind-VoCo/checkpoint_final.pth,0.0,0.0,False,0.0,0.0,True,0.0,True,True,True,interpolate
7245357184.60728-5d4bd0cc-3fae,resenc_MDAE_pretrained_t1_2025-08-08_08-58-06,finished,2025-08-08T08:58:39Z,https://microsoft-research.wandb.io/t-jiachentu/july_stratified_upenn_gbm_idh1_status_single_t1/runs/7245357184.60728-5d4bd0cc-3fae,,018a89b1-6639-4c00-b934-69f91d298017,t-jiachentu,False,0,Classification,200,False,ResEncoder_Classifier,200,False,1,multiclass,False,auto,False,3,AdamW,16-mixed,CosineAnneal,20,4,False,200,True,False,0,gpu,0.2,2,16,val,False,0,False,0.01,/mnt/hanoverlimitedwus2/scratch/t-jiachentu/nnssl_data/nnssl_preprocessed/Dataset004_UPENN_GBM,False,0.0001,1,False,0,True,False,full,False,0.2,8,False,batchgenerators.get_training_transforms,10,False,False,idh1_status,True,power,3,False,1,True,epochwise,/mnt/hanoverlimitedwus2/mri/scratch/t-jiachentu/nnssl_data/nnssl_results/FlowMDAE/Ablation/0731/Dataset001_BrainMVP/FlowMDAE_FixedM25_N75Trainer__nnsslPlans__onemmiso/fold_all/checkpoint_best.pth,0.2,0.5416021943092346,0.5363279581069946,0.5,0.45116278529167175,0.5540080666542053,0.5228227376937866,0.5220658779144287,0.5,0.45226916670799255,0.551038920879364,0.5891581177711487,0.60615074634552,0.5,0.4507042169570923,0.5537110567092896,21130.0,1000,1754664650.1104777,200,7.615242180436517e-09,8800,,,,,,,,,,,,,,,,,,,,,,,,,,,,
7245355479.83027-fbd2c024-dcbe,resenc_MDAE_pretrained_t1_2025-08-08_09-24-37,finished,2025-08-08T09:25:03Z,https://microsoft-research.wandb.io/t-jiachentu/july_stratified_upenn_gbm_idh1_status_single_t1/runs/7245355479.83027-fbd2c024-dcbe,,b843e001-7db1-42e0-a435-4264fbf0dd11,t-jiachentu,False,0,Classification,200,False,ResEncoder_Classifier,200,False,1,multiclass,False,auto,False,3,AdamW,16-mixed,CosineAnneal,20,4,False,200,True,False,0,gpu,0.2,2,16,val,False,0,False,0.01,/mnt/hanoverlimitedwus2/scratch/t-jiachentu/nnssl_data/nnssl_preprocessed/Dataset004_UPENN_GBM,False,0.0001,1,False,0,True,False,full,False,0.2,8,False,batchgenerators.get_training_transforms,10,False,False,idh1_status,True,power,3,False,1,True,epochwise,/mnt/hanoverlimitedwus2/mri/scratch/t-jiachentu/nnssl_data/nnssl_results/FlowMDAE/Ablation/0731/Dataset001_BrainMVP/FlowMDAE_FixedM25_N100Trainer__nnsslPlans__onemmiso/fold_all/checkpoint_best.pth,0.2,0.5528715252876282,0.5564556121826172,0.5,0.45116278529167175,0.5541222095489502,0.5257309079170227,0.5334959030151367,0.5,0.45226916670799255,0.550859808921814,0.6169710159301758,0.6103670597076416,0.5,0.4507042169570923,0.555208146572113,18864.0,1000,1754663967.4172826,200,7.615242180436517e-09,8800,,,,,,,,,,,,,,,,,,,,,,,,,,,,
7245355660.95304-b3128d6e-05fd,resenc_MDAE_pretrained_t1_2025-08-08_09-27-49,finished,2025-08-08T09:28:33Z,https://microsoft-research.wandb.io/t-jiachentu/july_stratified_upenn_gbm_idh1_status_single_t1/runs/7245355660.95304-b3128d6e-05fd,,5575613e-f93b-49bd-82a2-2b38680f4496,t-jiachentu,False,0,Classification,200,False,ResEncoder_Classifier,200,False,1,multiclass,False,auto,False,3,AdamW,16-mixed,CosineAnneal,20,4,False,200,True,False,0,gpu,0.2,2,16,val,False,0,False,0.01,/mnt/hanoverlimitedwus2/scratch/t-jiachentu/nnssl_data/nnssl_preprocessed/Dataset004_UPENN_GBM,False,0.0001,1,False,0,True,False,full,False,0.2,8,False,batchgenerators.get_training_transforms,10,False,False,idh1_status,True,power,3,False,1,True,epochwise,/mnt/hanoverlimitedwus2/mri/scratch/t-jiachentu/nnssl_data/nnssl_results/FlowMDAE/Ablation/0731/Dataset001_BrainMVP/FlowMDAE_FixedM25_N25Trainer__nnsslPlans__onemmiso/fold_all/checkpoint_best.pth,0.2,0.5328744649887085,0.5255277156829834,0.5,0.45116278529167175,0.5616927146911621,0.5761484503746033,0.6202564239501953,0.5,0.45226916670799255,0.5430390238761902,0.5382640957832336,0.5602678060531616,0.5,0.4507042169570923,0.5539441108703613,19110.0,1000,1754664422.967167,200,7.615242180436517e-09,8800,,,,,,,,,,,,,,,,,,,,,,,,,,,,
7245355595.44230-71278b26-6a15,resenc_MDAE_pretrained_t1_2025-08-08_09-29-16,finished,2025-08-08T09:30:00Z,https://microsoft-research.wandb.io/t-jiachentu/july_stratified_upenn_gbm_idh1_status_single_t1/runs/7245355595.44230-71278b26-6a15,,3f536a45-89d0-4c62-be90-3cf52510bda9,t-jiachentu,False,0,Classification,200,False,ResEncoder_Classifier,200,False,1,multiclass,False,auto,False,3,AdamW,16-mixed,CosineAnneal,20,4,False,200,True,False,0,gpu,0.2,2,16,val,False,0,False,0.01,/mnt/hanoverlimitedwus2/scratch/t-jiachentu/nnssl_data/nnssl_preprocessed/Dataset004_UPENN_GBM,False,0.0001,1,False,0,True,False,full,False,0.2,8,False,batchgenerators.get_training_transforms,10,False,False,idh1_status,True,power,3,False,1,True,epochwise,/mnt/hanoverlimitedwus2/mri/scratch/t-jiachentu/nnssl_data/nnssl_results/FlowMDAE/Ablation/0731/Dataset001_BrainMVP/FlowMDAE_FixedM25_N50Trainer__nnsslPlans__onemmiso/fold_all/checkpoint_best.pth,0.2,0.4679390788078308,0.3694157898426056,0.5,0.45116278529167175,0.5604580640792847,0.5183702707290649,0.5213001370429993,0.5,0.45226916670799255,0.5517961978912354,0.5466821193695068,0.6036706566810608,0.5,0.4507042169570923,0.5550605654716492,19395.0,1000,1754664793.9144716,200,7.615242180436517e-09,8800,,,,,,,,,,,,,,,,,,,,,,,,,,,,
7245355536.10260-00b9416a-0b93,resenc_MDAE_pretrained_t1_2025-08-08_09-29-20,finished,2025-08-08T09:30:01Z,https://microsoft-research.wandb.io/t-jiachentu/july_stratified_upenn_gbm_idh1_status_single_t1/runs/7245355536.10260-00b9416a-0b93,,1ebf655a-ebfd-4065-9d28-46af20bb7836,t-jiachentu,False,0,Classification,200,False,ResEncoder_Classifier,200,False,1,multiclass,False,auto,False,3,AdamW,16-mixed,CosineAnneal,20,4,False,200,True,False,0,gpu,0.2,2,16,val,False,0,False,0.01,/mnt/hanoverlimitedwus2/scratch/t-jiachentu/nnssl_data/nnssl_preprocessed/Dataset004_UPENN_GBM,False,0.0001,1,False,0,True,False,full,False,0.2,8,False,batchgenerators.get_training_transforms,10,False,False,idh1_status,True,power,3,False,1,True,epochwise,/mnt/hanoverlimitedwus2/mri/scratch/t-jiachentu/nnssl_data/nnssl_results/FlowMDAE/Ablation/0731/Dataset001_BrainMVP/FlowMDAE_FixedM25_N75Trainer__nnsslPlans__onemmiso/fold_all/checkpoint_best.pth,0.2,0.5235073566436768,0.4906725883483886,0.5,0.45116278529167175,0.5576456189155579,0.5621416568756104,0.6111804246902466,0.5,0.45226916670799255,0.5444861650466919,0.5827417969703674,0.6113591194152832,0.5,0.4507042169570923,0.5494227409362793,19320.0,1000,1754664722.916864,200,7.615242180436517e-09,8800,,,,,,,,,,,,,,,,,,,,,,,,,,,,
7245355414.00914-b3b178a7-401c,resenc_MDAE_pretrained_t1_2025-08-08_09-32-25,finished,2025-08-08T09:33:07Z,https://microsoft-research.wandb.io/t-jiachentu/july_stratified_upenn_gbm_idh1_status_single_t1/runs/7245355414.00914-b3b178a7-401c,,d6bfbf45-1452-4619-8d0e-5a2302ceafd7,t-jiachentu,False,0,Classification,200,False,ResEncoder_Classifier,200,False,1,multiclass,False,auto,False,3,AdamW,16-mixed,CosineAnneal,20,4,False,200,True,False,0,gpu,0.2,2,16,val,False,0,False,0.01,/mnt/hanoverlimitedwus2/scratch/t-jiachentu/nnssl_data/nnssl_preprocessed/Dataset004_UPENN_GBM,False,0.0001,1,False,0,True,False,full,False,0.2,8,False,batchgenerators.get_training_transforms,10,False,False,idh1_status,True,power,3,False,1,True,epochwise,/mnt/hanoverlimitedwus2/mri/scratch/t-jiachentu/nnssl_data/nnssl_results/FlowMDAE/Ablation/0731/Dataset001_BrainMVP/FlowMDAE_FixedM50_N25Trainer__nnsslPlans__onemmiso/fold_all/checkpoint_best.pth,0.2,0.5072328448295593,0.4977908730506897,0.5,0.45116278529167175,0.5542251467704773,0.5513705015182495,0.5599863529205322,0.5,0.45226916670799255,0.547994077205658,0.547012209892273,0.546875,0.5,0.4507042169570923,0.5542199015617371,18925.0,1000,1754664511.5581615,200,7.615242180436517e-09,8800,,,,,,,,,,,,,,,,,,,,,,,,,,,,
7245353650.99787-006c16e8-ddff,resenc_MDAE_pretrained_t1_2025-08-08_09-47-43,finished,2025-08-08T09:48:27Z,https://microsoft-research.wandb.io/t-jiachentu/july_stratified_upenn_gbm_idh1_status_single_t1/runs/7245353650.99787-006c16e8-ddff,,2d345a9e-802a-4055-afe6-a2ca97ec7a24,t-jiachentu,False,0,Classification,200,False,ResEncoder_Classifier,200,False,1,multiclass,False,auto,False,3,AdamW,16-mixed,CosineAnneal,20,4,False,200,True,False,0,gpu,0.2,2,16,val,False,0,False,0.01,/mnt/hanoverlimitedwus2/scratch/t-jiachentu/nnssl_data/nnssl_preprocessed/Dataset004_UPENN_GBM,False,0.0001,1,False,0,True,False,full,False,0.2,8,False,batchgenerators.get_training_transforms,10,False,False,idh1_status,True,power,3,False,1,True,epochwise,/mnt/hanoverlimitedwus2/mri/scratch/t-jiachentu/nnssl_data/nnssl_results/FlowMDAE/Ablation/0731/Dataset001_BrainMVP/FlowMDAE_FixedM50_N75Trainer__nnsslPlans__onemmiso/fold_all/checkpoint_best.pth,0.2,0.4981378316879273,0.4334805905818939,0.5,0.45116278529167175,0.5554155707359314,0.5521968603134155,0.5740824937820435,0.5,0.45226916670799255,0.5473239421844482,0.53950434923172,0.5622519850730896,0.5,0.4507042169570923,0.5532491207122803,19093.0,1000,1754665602.3571842,200,7.615242180436517e-09,8800,,,,,,,,,,,,,,,,,,,,,,,,,,,,
7245353888.18402-0ba510e5-6911,resenc_MDAE_pretrained_t1_2025-08-08_09-50-00,finished,2025-08-08T09:50:28Z,https://microsoft-research.wandb.io/t-jiachentu/july_stratified_upenn_gbm_idh1_status_single_t1/runs/7245353888.18402-0ba510e5-6911,,bc7e2d3a-6be0-429e-a158-405cf5bf7bb5,t-jiachentu,False,0,Classification,200,False,ResEncoder_Classifier,200,False,1,multiclass,False,auto,False,3,AdamW,16-mixed,CosineAnneal,20,4,False,200,True,False,0,gpu,0.2,2,16,val,False,0,False,0.01,/mnt/hanoverlimitedwus2/scratch/t-jiachentu/nnssl_data/nnssl_preprocessed/Dataset004_UPENN_GBM,False,0.0001,1,False,0,True,False,full,False,0.2,8,False,batchgenerators.get_training_transforms,10,False,False,idh1_status,True,power,3,False,1,True,epochwise,/mnt/hanoverlimitedwus2/mri/scratch/t-jiachentu/nnssl_data/nnssl_results/FlowMDAE/Ablation/0731/Dataset001_BrainMVP/FlowMDAE_FixedM25_N75Trainer__nnsslPlans__onemmiso/fold_all/checkpoint_best.pth,0.2,0.565450131893158,0.5974472165107727,0.5,0.45116278529167175,0.5551728010177612,0.6137689352035522,0.6631119251251221,0.5,0.45226916670799255,0.5375018119812012,0.5242847204208374,0.5228174924850464,0.5,0.4507042169570923,0.5583711266517639,19049.0,1000,1754665677.3108728,200,7.615242180436517e-09,8800,,,,,,,,,,,,,,,,,,,,,,,,,,,,
7245354000.43350-3fcfc5fe-504c,resenc_MDAE_pretrained_t1_2025-08-08_09-51-44,finished,2025-08-08T09:52:15Z,https://microsoft-research.wandb.io/t-jiachentu/july_stratified_upenn_gbm_idh1_status_single_t1/runs/7245354000.43350-3fcfc5fe-504c,,2df21985-ec03-44ec-b2e3-5995efb74b2b,t-jiachentu,False,0,Classification,200,False,ResEncoder_Classifier,200,False,1,multiclass,False,auto,False,3,AdamW,16-mixed,CosineAnneal,20,4,False,200,True,False,0,gpu,0.2,2,16,val,False,0,False,0.01,/mnt/hanoverlimitedwus2/scratch/t-jiachentu/nnssl_data/nnssl_preprocessed/Dataset004_UPENN_GBM,False,0.0001,1,False,0,True,False,full,False,0.2,8,False,batchgenerators.get_training_transforms,10,False,False,idh1_status,True,power,3,False,1,True,epochwise,/mnt/hanoverlimitedwus2/mri/scratch/t-jiachentu/nnssl_data/nnssl_results/FlowMDAE/Ablation/0731/Dataset001_BrainMVP/FlowMDAE_FixedM25_N25Trainer__nnsslPlans__onemmiso/fold_all/checkpoint_best.pth,0.2,0.4507799744606018,0.35738831758499146,0.5,0.45116278529167175,0.561905562877655,0.525505006313324,0.53729647397995,0.5,0.45226916670799255,0.5499700307846069,0.5967406630516052,0.6183035373687744,0.5,0.4507042169570923,0.5530511736869812,20499.0,1000,1754667234.754307,200,7.615242180436517e-09,8800,,,,,,,,,,,,,,,,,,,,,,,,,,,,
7245353944.33520-0f0d6257-dcc3,resenc_MDAE_pretrained_t1_2025-08-08_09-51-52,finished,2025-08-08T09:52:25Z,https://microsoft-research.wandb.io/t-jiachentu/july_stratified_upenn_gbm_idh1_status_single_t1/runs/7245353944.33520-0f0d6257-dcc3,,54c6a879-173d-439b-a5d0-464d729442b9,t-jiachentu,False,0,Classification,200,False,ResEncoder_Classifier,200,False,1,multiclass,False,auto,False,3,AdamW,16-mixed,CosineAnneal,20,4,False,200,True,False,0,gpu,0.2,2,16,val,False,0,False,0.01,/mnt/hanoverlimitedwus2/scratch/t-jiachentu/nnssl_data/nnssl_preprocessed/Dataset004_UPENN_GBM,False,0.0001,1,False,0,True,False,full,False,0.2,8,False,batchgenerators.get_training_transforms,10,False,False,idh1_status,True,power,3,False,1,True,epochwise,/mnt/hanoverlimitedwus2/mri/scratch/t-jiachentu/nnssl_data/nnssl_results/FlowMDAE/Ablation/0731/Dataset001_BrainMVP/FlowMDAE_FixedM25_N50Trainer__nnsslPlans__onemmiso/fold_all/checkpoint_best.pth,0.2,0.6432573795318604,0.6958762407302856,0.5,0.45116278529167175,0.5517686605453491,0.5428073406219482,0.559022068977356,0.5,0.45226916670799255,0.5483089089393616,0.5087679624557495,0.5148809552192688,0.5,0.4507042169570923,0.5566240549087524,20152.0,1000,1754666898.9547424,200,7.615242180436517e-09,8800,,,,,,,,,,,,,,,,,,,,,,,,,,,,
7245353832.78050-0c8bd7b6-0b16,resenc_MDAE_pretrained_t1_2025-08-08_09-52-00,finished,2025-08-08T09:52:26Z,https://microsoft-research.wandb.io/t-jiachentu/july_stratified_upenn_gbm_idh1_status_single_t1/runs/7245353832.78050-0c8bd7b6-0b16,,a8fa1848-969e-44a4-bc92-2ff4f28bb010,t-jiachentu,False,0,Classification,200,False,ResEncoder_Classifier,200,False,1,multiclass,False,auto,False,3,AdamW,16-mixed,CosineAnneal,20,4,False,200,True,False,0,gpu,0.2,2,16,val,False,0,False,0.01,/mnt/hanoverlimitedwus2/scratch/t-jiachentu/nnssl_data/nnssl_preprocessed/Dataset004_UPENN_GBM,False,0.0001,1,False,0,True,False,full,False,0.2,8,False,batchgenerators.get_training_transforms,10,False,False,idh1_status,True,power,3,False,1,True,epochwise,/mnt/hanoverlimitedwus2/mri/scratch/t-jiachentu/nnssl_data/nnssl_results/FlowMDAE/Ablation/0731/Dataset001_BrainMVP/FlowMDAE_FixedM25_N100Trainer__nnsslPlans__onemmiso/fold_all/checkpoint_best.pth,0.2,0.5219437479972839,0.45115363597869873,0.5,0.45116278529167175,0.5542174577713013,0.5365999341011047,0.5487833023071289,0.5,0.45226916670799255,0.5493473410606384,0.5529153943061829,0.5907738208770752,0.5,0.4507042169570923,0.5539924502372742,19058.0,1000,1754665805.0124657,200,7.615242180436517e-09,8800,,,,,,,,,,,,,,,,,,,,,,,,,,,,
7245355357.15776-968f794d-c965,resenc_MDAE_pretrained_t1_2025-08-08_09-51-57,finished,2025-08-08T09:52:42Z,https://microsoft-research.wandb.io/t-jiachentu/july_stratified_upenn_gbm_idh1_status_single_t1/runs/7245355357.15776-968f794d-c965,,74ef5a35-0549-4b92-ae66-f09f16df91d1,t-jiachentu,False,0,Classification,200,False,ResEncoder_Classifier,200,False,1,multiclass,False,auto,False,3,AdamW,16-mixed,CosineAnneal,20,4,False,200,True,False,0,gpu,0.2,2,16,val,False,0,False,0.01,/mnt/hanoverlimitedwus2/scratch/t-jiachentu/nnssl_data/nnssl_preprocessed/Dataset004_UPENN_GBM,False,0.0001,1,False,0,True,False,full,False,0.2,8,False,batchgenerators.get_training_transforms,10,False,False,idh1_status,True,power,3,False,1,True,epochwise,/mnt/hanoverlimitedwus2/mri/scratch/t-jiachentu/nnssl_data/nnssl_results/FlowMDAE/Ablation/0731/Dataset001_BrainMVP/FlowMDAE_FixedM50_N50Trainer__nnsslPlans__onemmiso/fold_all/checkpoint_best.pth,0.2,0.4317237138748169,0.2967599332332611,0.5,0.45116278529167175,0.566516101360321,0.5310922265052795,0.5402745008468628,0.5,0.45226916670799255,0.5497795939445496,0.5355566740036011,0.5148809552192688,0.5,0.4507042169570923,0.5550280809402466,19119.0,1000,1754665879.7710178,200,7.615242180436517e-09,8800,,,,,,,,,,,,,,,,,,,,,,,,,,,,
7245353706.37875-9fe8e939-b105,resenc_MDAE_pretrained_t1_2025-08-08_09-56-25,finished,2025-08-08T09:56:59Z,https://microsoft-research.wandb.io/t-jiachentu/july_stratified_upenn_gbm_idh1_status_single_t1/runs/7245353706.37875-9fe8e939-b105,,2b62441b-f4e6-4c2d-b469-d12a58c2a300,t-jiachentu,False,0,Classification,200,False,ResEncoder_Classifier,200,False,1,multiclass,False,auto,False,3,AdamW,16-mixed,CosineAnneal,20,4,False,200,True,False,0,gpu,0.2,2,16,val,False,0,False,0.01,/mnt/hanoverlimitedwus2/scratch/t-jiachentu/nnssl_data/nnssl_preprocessed/Dataset004_UPENN_GBM,False,0.0001,1,False,0,True,False,full,False,0.2,8,False,batchgenerators.get_training_transforms,10,False,False,idh1_status,True,power,3,False,1,True,epochwise,/mnt/hanoverlimitedwus2/mri/scratch/t-jiachentu/nnssl_data/nnssl_results/FlowMDAE/Ablation/0731/Dataset001_BrainMVP/FlowMDAE_FixedM50_N50Trainer__nnsslPlans__onemmiso/fold_all/checkpoint_best.pth,0.2,0.5234236717224121,0.5058910250663757,0.5,0.45116278529167175,0.5606046319007874,0.6275589466094971,0.7318339347839355,0.5,0.45226916670799255,0.5273370146751404,0.6470900177955627,0.6944444179534912,0.5,0.4507042169570923,0.5392128229141235,21821.0,1000,1754668840.2009022,200,7.615242180436517e-09,8800,,,,,,,,,,,,,,,,,,,,,,,,,,,,
7245353600.29713-b6141c75-b6a2,resenc_MDAE_pretrained_t1_2025-08-08_09-56-56,finished,2025-08-08T09:57:24Z,https://microsoft-research.wandb.io/t-jiachentu/july_stratified_upenn_gbm_idh1_status_single_t1/runs/7245353600.29713-b6141c75-b6a2,,41e86210-fe8e-4706-8b05-9e5f0c8676bc,t-jiachentu,False,0,Classification,200,False,ResEncoder_Classifier,200,False,1,multiclass,False,auto,False,3,AdamW,16-mixed,CosineAnneal,20,4,False,200,True,False,0,gpu,0.2,2,16,val,False,0,False,0.01,/mnt/hanoverlimitedwus2/scratch/t-jiachentu/nnssl_data/nnssl_preprocessed/Dataset004_UPENN_GBM,False,0.0001,1,False,0,True,False,full,False,0.2,8,False,batchgenerators.get_training_transforms,10,False,False,idh1_status,True,power,3,False,1,True,epochwise,/mnt/hanoverlimitedwus2/mri/scratch/t-jiachentu/nnssl_data/nnssl_results/FlowMDAE/Ablation/0731/Dataset001_BrainMVP/FlowMDAE_FixedM50_N100Trainer__nnsslPlans__onemmiso/fold_all/checkpoint_best.pth,0.2,0.5094619989395142,0.469072163105011,0.5,0.45116278529167175,0.5597150325775146,0.6214328408241272,0.61566162109375,0.5081967115402222,0.46910709142684937,0.5382969379425049,0.5458736419677734,0.575644850730896,0.5,0.4507042169570923,0.5523369312286377,21720.0,1000,1754668764.1492682,200,7.615242180436517e-09,8800,,,,,,,,,,,,,,,,,,,,,,,,,,,,
7245353478.03325-dbc961a9-2c97,resenc_MDAE_pretrained_t1_2025-08-08_09-59-18,finished,2025-08-08T09:59:53Z,https://microsoft-research.wandb.io/t-jiachentu/july_stratified_upenn_gbm_idh1_status_single_t1/runs/7245353478.03325-dbc961a9-2c97,,e6b12905-2f60-434c-87a7-09d912524026,t-jiachentu,False,0,Classification,200,False,ResEncoder_Classifier,200,False,1,multiclass,False,auto,False,3,AdamW,16-mixed,CosineAnneal,20,4,False,200,True,False,0,gpu,0.2,2,16,val,False,0,False,0.01,/mnt/hanoverlimitedwus2/scratch/t-jiachentu/nnssl_data/nnssl_preprocessed/Dataset004_UPENN_GBM,False,0.0001,1,False,0,True,False,full,False,0.2,8,False,batchgenerators.get_training_transforms,10,False,False,idh1_status,True,power,3,False,1,True,epochwise,/mnt/hanoverlimitedwus2/mri/scratch/t-jiachentu/nnssl_data/nnssl_results/FlowMDAE/Ablation/0731/Dataset001_BrainMVP/FlowMDAE_FixedM75_N50Trainer__nnsslPlans__onemmiso/fold_all/checkpoint_best.pth,0.2,0.5065221190452576,0.44329896569252014,0.5,0.45116278529167175,0.5574796199798584,0.6160327792167664,0.6548300981521606,0.5,0.45226916670799255,0.5384854078292847,0.5857968330383301,0.5947420597076416,0.5,0.4507042169570923,0.5506306290626526,20720.0,1000,1754667913.3351085,200,7.615242180436517e-09,8800,,,,,,,,,,,,,,,,,,,,,,,,,,,,
7245353365.09231-4d72c67d-31c7,resenc_MDAE_pretrained_t1_2025-08-08_09-59-28,finished,2025-08-08T09:59:57Z,https://microsoft-research.wandb.io/t-jiachentu/july_stratified_upenn_gbm_idh1_status_single_t1/runs/7245353365.09231-4d72c67d-31c7,,d6ad7f87-2e50-44da-a6c5-4f7bb50ef4e4,t-jiachentu,False,0,Classification,200,False,ResEncoder_Classifier,200,False,1,multiclass,False,auto,False,3,AdamW,16-mixed,CosineAnneal,20,4,False,200,True,False,0,gpu,0.2,2,16,val,False,0,False,0.01,/mnt/hanoverlimitedwus2/scratch/t-jiachentu/nnssl_data/nnssl_preprocessed/Dataset004_UPENN_GBM,False,0.0001,1,False,0,True,False,full,False,0.2,8,False,batchgenerators.get_training_transforms,10,False,False,idh1_status,True,power,3,False,1,True,epochwise,/mnt/hanoverlimitedwus2/mri/scratch/t-jiachentu/nnssl_data/nnssl_results/FlowMDAE/Ablation/0731/Dataset001_BrainMVP/FlowMDAE_FixedM75_N100Trainer__nnsslPlans__onemmiso/fold_all/checkpoint_best.pth,0.2,0.5870386958122253,0.6514481902122498,0.5,0.45116278529167175,0.5791558623313904,0.5335253477096558,0.5605820417404175,0.5,0.45226916670799255,0.5492293834686279,0.5170837044715881,0.4980158507823944,0.5,0.4507042169570923,0.556027889251709,22730.0,1000,1754669926.3251011,200,7.615242180436517e-09,8800,,,,,,,,,,,,,,,,,,,,,,,,,,,,
7245353421.72745-a46c47f4-e11e,resenc_MDAE_pretrained_t1_2025-08-08_09-59-47,finished,2025-08-08T10:00:18Z,https://microsoft-research.wandb.io/t-jiachentu/july_stratified_upenn_gbm_idh1_status_single_t1/runs/7245353421.72745-a46c47f4-e11e,,29d50934-b7b0-4941-9062-cb2880d9322f,t-jiachentu,False,0,Classification,200,False,ResEncoder_Classifier,200,False,1,multiclass,False,auto,False,3,AdamW,16-mixed,CosineAnneal,20,4,False,200,True,False,0,gpu,0.2,2,16,val,False,0,False,0.01,/mnt/hanoverlimitedwus2/scratch/t-jiachentu/nnssl_data/nnssl_preprocessed/Dataset004_UPENN_GBM,False,0.0001,1,False,0,True,False,full,False,0.2,8,False,batchgenerators.get_training_transforms,10,False,False,idh1_status,True,power,3,False,1,True,epochwise,/mnt/hanoverlimitedwus2/mri/scratch/t-jiachentu/nnssl_data/nnssl_results/FlowMDAE/Ablation/0731/Dataset001_BrainMVP/FlowMDAE_FixedM75_N75Trainer__nnsslPlans__onemmiso/fold_all/checkpoint_best.pth,0.2,0.5104230046272278,0.5184094905853271,0.5,0.45116278529167175,0.5543811321258545,0.6048181056976318,0.5901639461517334,0.5163934230804443,0.4854351878166199,0.5413352847099304,0.5785951614379883,0.643105149269104,0.5,0.4507042169570923,0.5506580471992493,21039.0,1000,1754668257.6469717,200,7.615242180436517e-09,8800,,,,,,,,,,,,,,,,,,,,,,,,,,,,
7245353298.29752-ff9e2a61-d114,resenc_MDAE_pretrained_t1_2025-08-08_09-59-54,finished,2025-08-08T10:00:21Z,https://microsoft-research.wandb.io/t-jiachentu/july_stratified_upenn_gbm_idh1_status_single_t1/runs/7245353298.29752-ff9e2a61-d114,,f3f11392-bf86-4f68-83ce-bc3ba7215b08,t-jiachentu,False,0,Classification,200,False,ResEncoder_Classifier,200,False,1,multiclass,False,auto,False,3,AdamW,16-mixed,CosineAnneal,20,4,False,200,True,False,0,gpu,0.2,2,16,val,False,0,False,0.01,/mnt/hanoverlimitedwus2/scratch/t-jiachentu/nnssl_data/nnssl_preprocessed/Dataset004_UPENN_GBM,False,0.0001,1,False,0,True,False,full,False,0.2,8,False,batchgenerators.get_training_transforms,10,False,False,idh1_status,True,power,3,False,1,True,epochwise,/mnt/hanoverlimitedwus2/mri/scratch/t-jiachentu/nnssl_data/nnssl_results/FlowMDAE/Ablation/0731/Dataset001_BrainMVP/FlowMDAE_FixedM95_N25Trainer__nnsslPlans__onemmiso/fold_all/checkpoint_best.pth,0.2,0.4908141493797302,0.4356897473335266,0.5,0.45116278529167175,0.5749951004981995,0.5344885587692261,0.5382891893386841,0.5,0.45226916670799255,0.5499852895736694,0.5694859623908997,0.6341766119003296,0.5,0.4507042169570923,0.5547513961791992,22555.0,1000,1754669774.927164,200,7.615242180436517e-09,8800,,,,,,,,,,,,,,,,,,,,,,,,,,,,
7245353189.07733-1191c2e8-192b,resenc_MDAE_pretrained_t1_2025-08-08_10-00-00,finished,2025-08-08T10:00:32Z,https://microsoft-research.wandb.io/t-jiachentu/july_stratified_upenn_gbm_idh1_status_single_t1/runs/7245353189.07733-1191c2e8-192b,,2fce11b1-0c56-4c22-9e68-80728a865b1d,t-jiachentu,False,0,Classification,200,False,ResEncoder_Classifier,200,False,1,multiclass,False,auto,False,3,AdamW,16-mixed,CosineAnneal,20,4,False,200,True,False,0,gpu,0.2,2,16,val,False,0,False,0.01,/mnt/hanoverlimitedwus2/scratch/t-jiachentu/nnssl_data/nnssl_preprocessed/Dataset004_UPENN_GBM,False,0.0001,1,False,0,True,False,full,False,0.2,8,False,batchgenerators.get_training_transforms,10,False,False,idh1_status,True,power,3,False,1,True,epochwise,/mnt/hanoverlimitedwus2/mri/scratch/t-jiachentu/nnssl_data/nnssl_results/FlowMDAE/Ablation/0731/Dataset001_BrainMVP/FlowMDAE_FixedM95_N75Trainer__nnsslPlans__onemmiso/fold_all/checkpoint_best.pth,0.2,0.47998496890068054,0.4516445696353912,0.5,0.45116278529167175,0.5582973957061768,0.5567250847816467,0.6077486276626587,0.5,0.45226916670799255,0.5446503758430481,0.5199583172798157,0.5332341194152832,0.5,0.4507042169570923,0.555974543094635,24006.0,1000,1754671237.7044666,200,7.615242180436517e-09,8800,,,,,,,,,,,,,,,,,,,,,,,,,,,,
7245353534.31341-ce8c48ad-3cfc,resenc_MDAE_pretrained_t1_2025-08-08_10-04-45,finished,2025-08-08T10:05:29Z,https://microsoft-research.wandb.io/t-jiachentu/july_stratified_upenn_gbm_idh1_status_single_t1/runs/7245353534.31341-ce8c48ad-3cfc,,5e0ba7ae-fa26-42de-babc-16ddbae0465b,t-jiachentu,False,0,Classification,200,False,ResEncoder_Classifier,200,False,1,multiclass,False,auto,False,3,AdamW,16-mixed,CosineAnneal,20,4,False,200,True,False,0,gpu,0.2,2,16,val,False,0,False,0.01,/mnt/hanoverlimitedwus2/scratch/t-jiachentu/nnssl_data/nnssl_preprocessed/Dataset004_UPENN_GBM,False,0.0001,1,False,0,True,False,full,False,0.2,8,False,batchgenerators.get_training_transforms,10,False,False,idh1_status,True,power,3,False,1,True,epochwise,/mnt/hanoverlimitedwus2/mri/scratch/t-jiachentu/nnssl_data/nnssl_results/FlowMDAE/Ablation/0731/Dataset001_BrainMVP/FlowMDAE_FixedM75_N25Trainer__nnsslPlans__onemmiso/fold_all/checkpoint_best.pth,0.2,0.4838829338550568,0.4030436873435974,0.5,0.45116278529167175,0.5600346922874451,0.612776517868042,0.6517670154571533,0.5310567617416382,0.5148647427558899,0.5350658297538757,0.5490390658378601,0.578125,0.4947916567325592,0.44811320304870605,0.556374728679657,18848.0,1000,1754666377.9534087,200,7.615242180436517e-09,8800,,,,,,,,,,,,,,,,,,,,,,,,,,,,
7245355302.75332-dbaae3ef-086d,resenc_MDAE_pretrained_t1_2025-08-08_10-21-16,finished,2025-08-08T10:21:47Z,https://microsoft-research.wandb.io/t-jiachentu/july_stratified_upenn_gbm_idh1_status_single_t1/runs/7245355302.75332-dbaae3ef-086d,,2f6876ce-e5e9-4280-b4d5-2674378ab0fe,t-jiachentu,False,0,Classification,200,False,ResEncoder_Classifier,200,False,1,multiclass,False,auto,False,3,AdamW,16-mixed,CosineAnneal,20,4,False,200,True,False,0,gpu,0.2,2,16,val,False,0,False,0.01,/mnt/hanoverlimitedwus2/scratch/t-jiachentu/nnssl_data/nnssl_preprocessed/Dataset004_UPENN_GBM,False,0.0001,1,False,0,True,False,full,False,0.2,8,False,batchgenerators.get_training_transforms,10,False,False,idh1_status,True,power,3,False,1,True,epochwise,/mnt/hanoverlimitedwus2/mri/scratch/t-jiachentu/nnssl_data/nnssl_results/FlowMDAE/Ablation/0731/Dataset001_BrainMVP/FlowMDAE_FixedM50_N75Trainer__nnsslPlans__onemmiso/fold_all/checkpoint_best.pth,0.2,0.589155912399292,0.6246931552886963,0.5,0.45116278529167175,0.5517417788505554,0.568236231803894,0.583271861076355,0.5,0.45226916670799255,0.5463795065879822,0.583189845085144,0.6579861044883728,0.5,0.4507042169570923,0.5477668046951294,24626.0,1000,1754673133.0340457,200,7.615242180436517e-09,8800,,,,,,,,,,,,,,,,,,,,,,,,,,,,
7245348114.92416-68f0ec9a-252a,resenc_MDAE_pretrained_t1_2025-08-08_11-28-10,finished,2025-08-08T11:28:43Z,https://microsoft-research.wandb.io/t-jiachentu/july_stratified_upenn_gbm_idh1_status_single_t1/runs/7245348114.92416-68f0ec9a-252a,,3d0ff95b-9e24-4b51-aeb1-00e4dec09a08,t-jiachentu,False,0,Classification,200,False,ResEncoder_Classifier,200,False,1,multiclass,False,auto,False,3,AdamW,16-mixed,CosineAnneal,20,4,False,200,True,False,0,gpu,0.2,2,16,val,False,0,False,0.01,/mnt/hanoverlimitedwus2/scratch/t-jiachentu/nnssl_data/nnssl_preprocessed/Dataset004_UPENN_GBM,False,0.0001,1,False,0,True,False,full,False,0.2,8,False,batchgenerators.get_training_transforms,10,False,False,idh1_status,True,power,3,False,1,True,epochwise,/mnt/hanoverlimitedwus2/mri/scratch/t-jiachentu/nnssl_data/nnssl_results/FlowMDAE/Ablation/0731/Dataset001_BrainMVP/FlowMDAE_FixedM50_N25Trainer__nnsslPlans__onemmiso/fold_all/checkpoint_best.pth,0.2,0.4767079353332519,0.3691703677177429,0.4516445696353912,0.4427777826786041,0.6508952379226685,0.5881081819534302,0.5815985202789307,0.5327869057655334,0.5166565775871277,0.5385343432426453,0.4999801218509674,0.458085298538208,0.4947916567325592,0.44811320304870605,0.5718584060668945,20128.0,1000,1754672651.499084,200,7.615242180436517e-09,8800,,,,,,,,,,,,,,,,,,,,,,,,,,,,
7245319723.87309-9e2dabfb-9754,resenc_MDAE_pretrained_t1_2025-08-08_19-16-43,finished,2025-08-08T19:17:17Z,https://microsoft-research.wandb.io/t-jiachentu/july_stratified_upenn_gbm_idh1_status_single_t1/runs/7245319723.87309-9e2dabfb-9754,,9c9a7e1c-3d6e-41d4-98c1-d29c300a12bf,t-jiachentu,False,0,Classification,200,False,ResEncoder_Classifier,200,False,1,multiclass,False,auto,False,3,AdamW,16-mixed,CosineAnneal,20,4,False,200,True,True,0,gpu,0.2,2,16,val,False,0,False,0.01,/mnt/hanoverlimitedwus2/scratch/t-jiachentu/nnssl_data/nnssl_preprocessed/Dataset004_UPENN_GBM,False,6e-05,1,False,0,True,False,full,False,0.2,8,False,batchgenerators.get_training_transforms,10,False,False,idh1_status,True,power,3,False,1,True,epochwise,/mnt/hanoverlimitedwus2/mri/scratch/t-jiachentu/nnssl_data/nnssl_results/MDAE/Openmind/0705/Dataset005_OpenMind/BaseMDAETrainer_DDPM_90Mask_1500ep__nnsslPlans__onemmiso/fold_all/checkpoint_best.pth,0.2,0.4895787835121155,0.45262640714645386,0.5,0.45116278529167175,0.5558123588562012,0.5365802645683289,0.5594475269317627,0.5,0.45226916670799255,0.54952472448349,0.523259699344635,0.5029761791229248,0.5,0.4507042169570923,0.5548486113548279,23962.0,1000,1754704599.3698964,200,4.5691453082619125e-09,8800,,,,,,,,,,,,,,,,,,,,,,,,,,,,
7245318926.85709-463cc358-e04f,resenc_MDAE_pretrained_t1_2025-08-08_19-31-36,finished,2025-08-08T19:32:09Z,https://microsoft-research.wandb.io/t-jiachentu/july_stratified_upenn_gbm_idh1_status_single_t1/runs/7245318926.85709-463cc358-e04f,,42327d4d-eea7-4af1-8beb-11514057aea5,t-jiachentu,False,0,Classification,200,False,ResEncoder_Classifier,200,False,1,multiclass,False,auto,False,3,AdamW,16-mixed,CosineAnneal,20,4,False,200,True,True,0,gpu,0.2,2,16,val,False,0,False,0.01,/mnt/hanoverlimitedwus2/scratch/t-jiachentu/nnssl_data/nnssl_preprocessed/Dataset004_UPENN_GBM,False,6e-05,1,False,0,True,False,full,False,0.2,8,False,batchgenerators.get_training_transforms,10,False,False,idh1_status,True,power,3,False,1,True,epochwise,/mnt/hanoverlimitedwus2/mri/scratch/t-jiachentu/nnssl_data/nnssl_results/MDAE/Openmind/0705/Dataset005_OpenMind/BaseMDAETrainer_VE_90Mask_1500ep__nnsslPlans__onemmiso/fold_all/checkpoint_best.pth,0.2,0.4821709096431732,0.40942561626434326,0.5,0.45116278529167175,0.5674124360084534,0.5271707773208618,0.5321345329284668,0.5,0.45226916670799255,0.5503782629966736,0.5312479138374329,0.5178571343421936,0.5,0.4507042169570923,0.5550404787063599,25799.0,1000,1754707328.6451826,200,4.5691453082619125e-09,8800,,,,,,,,,,,,,,,,,,,,,,,,,,,,
7245318102.55276-fc258929-ddb5,resenc_MDAE_pretrained_t1_2025-08-08_19-44-12,finished,2025-08-08T19:45:00Z,https://microsoft-research.wandb.io/t-jiachentu/july_stratified_upenn_gbm_idh1_status_single_t1/runs/7245318102.55276-fc258929-ddb5,,bef1e23f-af9c-404b-bbf9-5df32134afaa,t-jiachentu,False,0,Classification,200,False,ResEncoder_Classifier,200,False,1,multiclass,False,auto,False,3,AdamW,16-mixed,CosineAnneal,20,4,False,200,True,True,0,gpu,0.2,2,16,val,False,0,False,0.01,/mnt/hanoverlimitedwus2/scratch/t-jiachentu/nnssl_data/nnssl_preprocessed/Dataset004_UPENN_GBM,False,6e-05,1,False,0,True,False,full,False,0.2,8,False,batchgenerators.get_training_transforms,10,False,False,idh1_status,True,power,3,False,1,True,epochwise,/mnt/hanoverlimitedwus2/mri/scratch/t-jiachentu/nnssl_data/nnssl_results/MDAE/Openmind/0705/Dataset005_OpenMind/BaseMDAETrainer_Flow90_b48_2000ep__nnsslPlans__onemmiso/fold_all/checkpoint_best.pth,0.2,0.4937325716018677,0.44477173686027527,0.5,0.45116278529167175,0.5551584362983704,0.6043529510498047,0.648391842842102,0.5,0.45226916670799255,0.5390613079071045,0.48124149441719055,0.4526289701461792,0.5,0.4507042169570923,0.5656754970550537,23157.0,1000,1754705456.5020912,200,4.5691453082619125e-09,8800,,,,,,,,,,,,,,,,,,,,,,,,,,,,
7245056053.77248-cc0d5531-c441,resenc_c2s_pretrained_t1_2025-08-11_20-27-43,finished,2025-08-11T20:28:14Z,https://microsoft-research.wandb.io/t-jiachentu/july_stratified_upenn_gbm_idh1_status_single_t1/runs/7245056053.77248-cc0d5531-c441,,ed90f6bf-4f44-4f30-b497-61b9b9770687,t-jiachentu,False,0,Classification,100,False,ResEncoder_Classifier,100,False,1,multiclass,False,auto,False,3,AdamW,16-mixed,CosineAnneal,20,1,False,100,True,True,0,gpu,0.2,2,16,val,False,0,False,0.01,/mnt/hanoverlimitedwus2/scratch/t-jiachentu/nnssl_data/nnssl_preprocessed/Dataset004_UPENN_GBM,False,0.0001,1,False,0,True,False,full,False,0.2,1,False,batchgenerators.get_training_transforms,30,False,False,idh1_status,True,power,3,False,1,False,epochwise,/mnt/hanoverlimitedwus2/mri/scratch/t-jiachentu/nnssl_data/nnssl_results/c2s/Openmind/0702/Dataset005_OpenMind/BaseC2STrainer_BS48_1000ep__nnsslPlans__onemmiso/fold_all/checkpoint_best.pth,0.2,0.4597761332988739,0.3888070583343506,0.5,0.45116278529167175,0.5579846501350403,0.5006296038627625,0.4860740900039673,0.5,0.45226916670799255,0.5540728569030762,0.5226806998252869,0.5188491940498352,0.5,0.4507042169570923,0.5550678968429565,12347.0,500,1754956438.563349,100,3.854818796385494e-08,35000,,,,,,,,,,,,,,,,,,,,,,,,,,,,
7245044501.84725-1f46dd4b-41d9,resenc_emdae_base_pretrained_t1_2025-08-11_23-40-37,finished,2025-08-11T23:41:09Z,https://microsoft-research.wandb.io/t-jiachentu/july_stratified_upenn_gbm_idh1_status_single_t1/runs/7245044501.84725-1f46dd4b-41d9,,a5386f13-defd-47ac-b33f-381b25d9d0ea,t-jiachentu,False,0,Classification,200,False,ResEncoder_Classifier,200,False,1,multiclass,False,auto,False,3,AdamW,16-mixed,CosineAnneal,20,4,False,200,True,True,0,gpu,0.2,2,16,val,False,0,False,0.01,/mnt/hanoverlimitedwus2/scratch/t-jiachentu/nnssl_data/nnssl_preprocessed/Dataset004_UPENN_GBM,False,7e-05,1,False,0,True,False,full,False,0.2,4,False,batchgenerators.get_training_transforms,30,False,False,idh1_status,True,power,3,False,1,False,epochwise,/mnt/hanoverlimitedwus2/mri/scratch/t-jiachentu/nnssl_data/nnssl_results/EMDAE/Openmind/0711/Dataset005_OpenMind/BaseEMDAETrainer_BS48_90Mask_1000ep__nnsslPlans__onemmiso/fold_all/checkpoint_best.pth,0.2,0.484531044960022,0.42660778760910034,0.5,0.45116278529167175,0.5563398003578186,0.5587071776390076,0.605933427810669,0.5,0.45226916670799255,0.5447902679443359,0.5713180303573608,0.6440972089767456,0.5,0.4507042169570923,0.5477389097213745,21661.0,1000,1754977328.673116,200,5.330669526305569e-09,17600,,,,,,,,,,,,,,,,,,,,,,,,,,,,
7245043809.99301-8d0c762e-97b5,resenc_emdae_bottleneck_pretrained_t1_2025-08-11_23-52-03,finished,2025-08-11T23:52:36Z,https://microsoft-research.wandb.io/t-jiachentu/july_stratified_upenn_gbm_idh1_status_single_t1/runs/7245043809.99301-8d0c762e-97b5,,ab9c6d96-1201-45ca-93cf-257cb0982be9,t-jiachentu,False,0,Classification,200,False,ResEncoder_Classifier,200,False,1,multiclass,False,auto,False,3,AdamW,16-mixed,CosineAnneal,20,4,False,200,True,True,0,gpu,0.2,2,16,val,False,0,False,0.01,/mnt/hanoverlimitedwus2/scratch/t-jiachentu/nnssl_data/nnssl_preprocessed/Dataset004_UPENN_GBM,False,7e-05,1,False,0,True,False,full,False,0.2,4,False,batchgenerators.get_training_transforms,30,False,False,idh1_status,True,power,3,False,1,False,epochwise,/mnt/hanoverlimitedwus2/mri/scratch/t-jiachentu/nnssl_data/nnssl_results/EMDAE/Openmind/0711/Dataset005_OpenMind/BaseEMDAETrainer_BottleneckCorruption_BS48_90Mask_2000ep__nnsslPlans__onemmiso/fold_all/checkpoint_best.pth,0.2,0.4876822233200073,0.46367204189300537,0.5,0.45116278529167175,0.5694975852966309,0.5086241960525513,0.5037721395492554,0.5,0.45226916670799255,0.5529828071594238,0.5619130730628967,0.6215277910232544,0.5,0.4507042169570923,0.5512950420379639,21984.0,1000,1754978342.831124,200,5.330669526305569e-09,17600,,,,,,,,,,,,,,,,,,,,,,,,,,,,
7245043114.11987-75ac6b55-50c8,resenc_emdae_bottleneck_flow_pretrained_t1_2025-08-12_00-03-34,finished,2025-08-12T00:04:04Z,https://microsoft-research.wandb.io/t-jiachentu/july_stratified_upenn_gbm_idh1_status_single_t1/runs/7245043114.11987-75ac6b55-50c8,,a54bde95-87ef-46d0-bd12-6bf1959f616c,t-jiachentu,False,0,Classification,200,False,ResEncoder_Classifier,200,False,1,multiclass,False,auto,False,3,AdamW,16-mixed,CosineAnneal,20,4,False,200,True,True,0,gpu,0.2,2,16,val,False,0,False,0.01,/mnt/hanoverlimitedwus2/scratch/t-jiachentu/nnssl_data/nnssl_preprocessed/Dataset004_UPENN_GBM,False,7e-05,1,False,0,True,False,full,False,0.2,4,False,batchgenerators.get_training_transforms,30,False,False,idh1_status,True,power,3,False,1,False,epochwise,/mnt/hanoverlimitedwus2/mri/scratch/t-jiachentu/nnssl_data/nnssl_results/EMDAE/Openmind/0711/Dataset005_OpenMind/BaseEMDAETrainer_BottleneckCorruption_Flow_BS48_90Mask_2000ep__nnsslPlans__onemmiso/fold_all/checkpoint_best.pth,0.2,0.4612168073654175,0.3647520840167999,0.5,0.45116278529167175,0.5674112439155579,0.5467390418052673,0.5688921809196472,0.5,0.45226916670799255,0.5500498414039612,0.5950216054916382,0.625,0.5,0.4507042169570923,0.5506906509399414,22014.0,1000,1754979057.4785714,200,5.330669526305569e-09,17600,,,,,,,,,,,,,,,,,,,,,,,,,,,,
7245042418.97948-9e5390cd-4210,resenc_emdae_multistage_flow_pretrained_t1_2025-08-12_00-19-47,finished,2025-08-12T00:20:20Z,https://microsoft-research.wandb.io/t-jiachentu/july_stratified_upenn_gbm_idh1_status_single_t1/runs/7245042418.97948-9e5390cd-4210,,198cbaff-e0a1-4d26-926d-8343803fe58e,t-jiachentu,False,0,Classification,200,False,ResEncoder_Classifier,200,False,1,multiclass,False,auto,False,3,AdamW,16-mixed,CosineAnneal,20,4,False,200,True,True,0,gpu,0.2,2,16,val,False,0,False,0.01,/mnt/hanoverlimitedwus2/scratch/t-jiachentu/nnssl_data/nnssl_preprocessed/Dataset004_UPENN_GBM,False,7e-05,1,False,0,True,False,full,False,0.2,4,False,batchgenerators.get_training_transforms,30,False,False,idh1_status,True,power,3,False,1,False,epochwise,/mnt/hanoverlimitedwus2/mri/scratch/t-jiachentu/nnssl_data/nnssl_results/EMDAE/Openmind/0711/Dataset005_OpenMind/BaseEMDAETrainer_MultiStage_Flow_BS48_90Mask_2000ep__nnsslPlans__onemmiso/fold_all/checkpoint_best.pth,0.2,0.48306745290756226,0.43937161564826965,0.5,0.45116278529167175,0.6016708612442017,0.5132580995559692,0.5143229961395264,0.5,0.45226916670799255,0.5520573854446411,0.5321788787841797,0.5719245672225952,0.5,0.4507042169570923,0.5542871356010437,22174.0,1000,1754980192.2826197,200,5.330669526305569e-09,17600,,,,,,,,,,,,,,,,,,,,,,,,,,,,
7245041729.55245-aa38e047-a412,resenc_emdae_randmask_flow_pretrained_t1_2025-08-12_01-20-36,finished,2025-08-12T00:27:09Z,https://microsoft-research.wandb.io/t-jiachentu/july_stratified_upenn_gbm_idh1_status_single_t1/runs/7245041729.55245-aa38e047-a412,,41699479-2306-470a-b66e-746a04d33a51,t-jiachentu,False,0,Classification,200,False,ResEncoder_Classifier,200,False,1,multiclass,False,auto,False,3,AdamW,16-mixed,CosineAnneal,20,4,False,200,True,True,0,gpu,0.2,2,16,val,False,0,False,0.01,/mnt/hanoverlimitedwus2/scratch/t-jiachentu/nnssl_data/nnssl_preprocessed/Dataset004_UPENN_GBM,False,7e-05,1,False,0,True,False,full,False,0.2,4,False,batchgenerators.get_training_transforms,30,False,False,idh1_status,True,power,3,False,1,False,epochwise,/mnt/hanoverlimitedwus2/mri/scratch/t-jiachentu/nnssl_data/nnssl_results/EMDAE/Openmind/0711/Dataset005_OpenMind/BaseEMDAETrainer_RandomMask_BottleneckCorruption_Flow_BS48_2000ep__nnsslPlans__onemmiso/fold_all/checkpoint_best.pth,0.2,0.5345393419265747,0.5189003348350525,0.5,0.45116278529167175,0.55372154712677,0.5541591644287109,0.5853139758110046,0.5,0.45226916670799255,0.5461678504943848,0.47658613324165344,0.4327877163887024,0.5,0.4507042169570923,0.5605421662330627,24035.0,1086,1754983543.2154243,200,5.330669526305569e-09,17600,,,,,,,,,,,,,,,,,,,,,,,,,,,,
7245041040.52455-61cc70a0-289e,resenc_emdae_randmask_multistage_pretrained_t1_2025-08-12_00-39-34,finished,2025-08-12T00:40:29Z,https://microsoft-research.wandb.io/t-jiachentu/july_stratified_upenn_gbm_idh1_status_single_t1/runs/7245041040.52455-61cc70a0-289e,,a1e1c59e-6ed9-4d01-b03a-562b75ccc745,t-jiachentu,False,0,Classification,200,False,ResEncoder_Classifier,200,False,1,multiclass,False,auto,False,3,AdamW,16-mixed,CosineAnneal,20,4,False,200,True,True,0,gpu,0.2,2,16,val,False,0,False,0.01,/mnt/hanoverlimitedwus2/scratch/t-jiachentu/nnssl_data/nnssl_preprocessed/Dataset004_UPENN_GBM,False,7e-05,1,False,0,True,False,full,False,0.2,4,False,batchgenerators.get_training_transforms,30,False,False,idh1_status,True,power,3,False,1,False,epochwise,/mnt/hanoverlimitedwus2/mri/scratch/t-jiachentu/nnssl_data/nnssl_results/EMDAE/Openmind/0711/Dataset005_OpenMind/BaseEMDAETrainer_RandomMask_MultiStage_BS48_2000ep__nnsslPlans__onemmiso/fold_all/checkpoint_best.pth,0.2,0.4744390845298767,0.3966617584228515,0.5,0.45116278529167175,0.5709587931632996,0.521101176738739,0.5357933044433594,0.5,0.45226916670799255,0.5516084432601929,0.4742616713047027,0.384672611951828,0.5,0.4507042169570923,0.5584299564361572,18744.0,1000,1754977973.7129948,200,5.330669526305569e-09,17600,,,,,,,,,,,,,,,,,,,,,,,,,,,,
7244835947.03139-6ce26b29-6548,resenc_SwinUNETR_pretrained_t1_2025-08-14_09-36-39,running,2025-08-14T09:37:15Z,https://microsoft-research.wandb.io/t-jiachentu/july_stratified_upenn_gbm_idh1_status_single_t1/runs/7244835947.03139-6ce26b29-6548,,c2fd638e-7730-4787-9e07-87a52cf477a5,t-jiachentu,False,0,Classification,100,False,ResEncoder_Classifier,100,False,1,multiclass,False,auto,False,3,AdamW,16-mixed,CosineAnneal,20,1,False,100,True,True,0,gpu,0.2,2,16,val,False,0,False,0.01,/mnt/hanoverlimitedwus2/scratch/t-jiachentu/nnssl_data/nnssl_preprocessed/Dataset004_UPENN_GBM,False,0.0001,1,False,0,True,False,full,False,0.2,1,False,batchgenerators.get_training_transforms,10,False,False,idh1_status,True,power,3,False,1,False,epochwise,/mnt/hanoverlimitedwus2/mri/scratch/t-jiachentu/nnssl_data/nnssl_results/continued_pretraining/Dataset005_OpenMind/SwinUNETRContTrainer__nnsslPlans__onemmiso/fold_all/checkpoint_best.pth,0.2,,,,,,0.5006139874458313,0.48675477504730225,0.4896193742752075,0.4470774233341217,0.5983673334121704,0.5183292031288147,0.420634925365448,0.5,0.4507042169570923,0.5581985712051392,1332.0,50,1755165475.574278,9,5.2380952380952384e-05,3500,,,,,,,,,,,,,,,,,,,,,,,,,,,,
7244836167.86934-b2e10dfb-aecc,resenc_pretrained_t1_2025-08-14_09-40-33,running,2025-08-14T09:41:04Z,https://microsoft-research.wandb.io/t-jiachentu/july_stratified_upenn_gbm_idh1_status_single_t1/runs/7244836167.86934-b2e10dfb-aecc,,50088594-437c-4f6a-8bc8-86031865bd03,t-jiachentu,False,0,Classification,100,False,ResEncoder_Classifier,100,False,1,multiclass,False,auto,False,3,AdamW,16-mixed,CosineAnneal,20,1,False,100,True,True,0,gpu,0.2,2,16,val,False,0,False,0.01,/mnt/hanoverlimitedwus2/scratch/t-jiachentu/nnssl_data/nnssl_preprocessed/Dataset004_UPENN_GBM,False,0.0001,1,False,0,True,False,full,False,0.2,1,False,batchgenerators.get_training_transforms,10,False,False,idh1_status,True,power,3,False,1,False,epochwise,/mnt/hanoverlimitedwus2/mri/scratch/t-jiachentu/nnssl_data/nnssl_results/continued_pretraining/Dataset005_OpenMind/MAEContTrainer__nnsslPlans__onemmiso/fold_all/checkpoint_best.pth,0.2,,,,,,0.5171654224395752,0.5219240784645081,0.5038288831710815,0.4833839535713196,0.6106153726577759,0.5321599245071411,0.5463789701461792,0.5,0.4507042169570923,0.5720219612121582,1066.623709808,30,1755165531.954333,5,3.3333333333333335e-05,2100,,,,,,,,,,,,,,,,,,,,,,,,,,,,
